(Set(122),1429525)
(Set(8),1309694)
(Set(8, 122),1227876)
(Set(49),1178279)
(Set(122, 49),1115102)
(Set(8, 49),1067926)
(Set(122, 49, 8),1035314)
(Set(124),887358)
(Set(516),858146)
(Set(122, 124),850323)
(Set(516, 122),836156)
(Set(8, 516),819487)
(Set(8, 516, 122),805092)
(Set(8, 124),801613)
(Set(171),793840)
(Set(51),787398)
(Set(8, 122, 124),786584)
(Set(122, 51),762448)
(Set(516, 49),756934)
(Set(124, 49),753266)
(Set(171, 122),752142)
(Set(122, 49, 516),746940)
(Set(8, 51),743087)
(Set(8, 516, 49),738535)
(Set(122, 49, 124),734441)
(Set(8, 516, 49, 122),731576)
(Set(8, 122, 51),731321)
(Set(121),726516)
(Set(8, 171),723175)
(Set(121, 122),720291)
(Set(124, 49, 8),713925)
(Set(122, 49, 8, 124),707037)
(Set(8, 122, 171),700249)
(Set(8, 121),698749)
(Set(49, 51),697664)
(Set(121, 122, 8),695061)
(Set(122, 49, 51),685528)
(Set(878),677779)
(Set(150),677637)
(Set(158),675209)
(Set(8, 49, 51),674483)
(Set(146),674412)
(Set(171, 49),672542)
(Set(8, 122, 51, 49),669483)
(Set(122, 49, 171),658247)
(Set(121, 49),656200)
(Set(122, 49, 121),653171)
(Set(121, 49, 8),642484)
(Set(60),641971)
(Set(171, 49, 8),640616)
(Set(122, 49, 8, 121),640419)
(Set(122, 146),640230)
(Set(122, 878),639377)
(Set(149),634232)
(Set(122, 49, 8, 171),632561)
(Set(122, 60),628989)
(Set(8, 878),621832)
(Set(516, 124),614423)
(Set(8, 60),612275)
(Set(8, 146),610431)
(Set(122, 158),607604)
(Set(516, 122, 124),607487)
(Set(122, 150),605971)
(Set(8, 60, 122),605625)
(Set(122, 878, 8),600225)
(Set(8, 516, 124),599234)
(Set(308),597297)
(Set(8, 516, 122, 124),594475)
(Set(8, 122, 146),588417)
(Set(49, 878),586871)
(Set(516, 51),582962)
(Set(516, 121),582876)
(Set(121, 122, 516),581244)
(Set(516, 51, 122),578952)
(Set(49, 60),576949)
(Set(8, 516, 121),574996)
(Set(8, 516, 51),573784)
(Set(121, 122, 516, 8),573750)
(Set(122, 149),572890)
(Set(124, 51),572463)
(Set(8, 122, 51, 516),571220)
(Set(122, 49, 60),570152)
(Set(8, 158),569056)
(Set(122, 878, 49),568782)
(Set(516, 49, 124),567412)
(Set(84),567410)
(Set(516, 49, 124, 122),564239)
(Set(124, 51, 122),563888)
(Set(121, 124),563805)
(Set(8, 878, 49),563360)
(Set(379),562869)
(Set(49, 146),562603)
(Set(121, 124, 122),561777)
(Set(8, 60, 49),561618)
(Set(122, 308),561212)
(Set(8, 150),559739)
(Set(516, 49, 124, 8),559199)
(Set(8, 60, 49, 122),558628)
(Set(124, 49, 516, 8, 122),557056)
(Set(84, 122),553657)
(Set(124, 51, 8),553285)
(Set(22),552854)
(Set(1),552824)
(Set(124, 51, 8, 122),551180)
(Set(121, 124, 8),550911)
(Set(122, 49, 8, 878),550369)
(Set(171, 516),550190)
(Set(514),549880)
(Set(121, 124, 122, 8),549587)
(Set(516, 49, 121),548834)
(Set(121, 122, 516, 49),547869)
(Set(122, 379),547301)
(Set(516, 49, 51),547231)
(Set(122, 49, 146),545624)
(Set(122, 49, 51, 516),545103)
(Set(8, 516, 49, 121),544367)
(Set(514, 122),544288)
(Set(121, 49, 516, 8, 122),543574)
(Set(171, 516, 122),543052)
(Set(8, 379),542115)
(Set(122, 158, 8),542054)
(Set(22, 122),541990)
(Set(8, 516, 49, 51),541826)
(Set(8, 308),541685)
(Set(49, 516, 8, 51, 122),540435)
(Set(8, 516, 171),539655)
(Set(84, 8),539506)
(Set(8, 149),539193)
(Set(124, 51, 49),536581)
(Set(524),536002)
(Set(122, 150, 8),534602)
(Set(8, 514),534123)
(Set(171, 516, 122, 8),533716)
(Set(122, 379, 8),533005)
(Set(81),532083)
(Set(8, 49, 146),531900)
(Set(84, 8, 122),531560)
(Set(171, 124),530808)
(Set(8, 22),530503)
(Set(8, 514, 122),530469)
(Set(124, 51, 122, 49),529476)
(Set(1, 122),528270)
(Set(121, 124, 49),525979)
(Set(49, 158),524911)
(Set(121, 124, 122, 49),524899)
(Set(121, 51),524036)
(Set(124, 51, 8, 49),523160)
(Set(121, 122, 51),522795)
(Set(171, 122, 124),522681)
(Set(8, 22, 122),522661)
(Set(124, 49, 8, 51, 122),521876)
(Set(8, 308, 122),520840)
(Set(8, 49, 146, 122),520432)
(Set(49, 308),520417)
(Set(121, 124, 49, 8),519149)
(Set(121, 124, 49, 8, 122),518347)
(Set(49, 150),515964)
(Set(8, 51, 121),515834)
(Set(122, 149, 8),515359)
(Set(8, 122, 51, 121),514974)
(Set(81, 122),514754)
(Set(49, 379),513813)
(Set(8, 171, 124),513169)
(Set(516, 60),512727)
(Set(1, 8),512104)
(Set(516, 49, 171),511772)
(Set(81, 8),511182)
(Set(122, 524),509634)
(Set(84, 49),509170)
(Set(122, 60, 516),508912)
(Set(514, 49),508823)
(Set(171, 516, 122, 49),508727)
(Set(8, 171, 124, 122),507619)
(Set(122, 49, 379),507061)
(Set(122, 49, 514),506153)
(Set(8, 516, 49, 171),505953)
(Set(8, 516, 60),505149)
(Set(122, 49, 84),504284)
(Set(49, 379, 8),503662)
(Set(49, 516, 171, 8, 122),503451)
(Set(8, 516, 60, 122),502356)
(Set(124, 60),501058)
(Set(122, 158, 49),500996)
(Set(8, 514, 49),500487)
(Set(49, 149),500449)
(Set(122, 49, 308),500185)
(Set(122, 379, 8, 49),499330)
(Set(171, 51),498941)
(Set(1, 8, 122),498743)
(Set(81, 8, 122),498653)
(Set(122, 49, 8, 514),498428)
(Set(476),496961)
(Set(84, 49, 8),496667)
(Set(121, 49, 51),496435)
(Set(122, 49, 51, 121),495817)
(Set(22, 49),495751)
(Set(124, 60, 122),494381)
(Set(81, 49),494084)
(Set(84, 49, 8, 122),493785)
(Set(122, 51, 171),492532)
(Set(22, 49, 122),492226)
(Set(122, 150, 49),492118)
(Set(8, 51, 121, 49),491986)
(Set(171, 121),491980)
(Set(8, 308, 49),491912)
(Set(121, 49, 8, 51, 122),491505)
(Set(121, 60),491257)
(Set(171, 121, 122),490278)
(Set(8, 524),489665)
(Set(121, 122, 60),489591)
(Set(8, 51, 171),489563)
(Set(1, 49),489123)
(Set(122, 476),487930)
(Set(171, 49, 124),486921)
(Set(124, 60, 8),486292)
(Set(22, 49, 8),485280)
(Set(122, 51, 171, 8),484322)
(Set(8, 60, 121),484066)
(Set(516, 49, 60),484025)
(Set(171, 121, 8),483874)
(Set(8, 49, 158),483832)
(Set(171, 49, 124, 122),483731)
(Set(124, 60, 8, 122),482985)
(Set(8, 60, 121, 122),482939)
(Set(171, 121, 122, 8),482730)
(Set(8, 22, 122, 49),482694)
(Set(516, 49, 60, 122),482342)
(Set(122, 49, 81),481701)
(Set(81, 49, 8),481584)
(Set(121, 124, 516),479917)
(Set(516, 49, 60, 8),479613)
(Set(121, 124, 122, 516),479296)
(Set(60, 49, 516, 8, 122),478583)
(Set(171, 49, 124, 8),478272)
(Set(8, 308, 49, 122),478220)
(Set(124, 146),478095)
(Set(122, 49, 149),477819)
(Set(124, 49, 171, 8, 122),475970)
(Set(121, 124, 516, 8),475573)
(Set(121, 124, 516, 8, 122),475113)
(Set(8, 49, 158, 122),473924)
(Set(122, 49, 1),473049)
(Set(8, 122, 524),472653)
(Set(122, 49, 8, 81),471514)
(Set(8, 476),471197)
(Set(1, 8, 49),470729)
(Set(8, 49, 150),469698)
(Set(124, 60, 49),467273)
(Set(124, 146, 122),467253)
(Set(8, 122, 476),466500)
(Set(516, 878),466326)
(Set(171, 49, 51),465789)
(Set(49, 60, 121),465140)
(Set(8, 49, 149),465000)
(Set(124, 878),464637)
(Set(121, 122, 60, 49),464287)
(Set(124, 51, 516),464120)
(Set(122, 51, 171, 49),463723)
(Set(171, 121, 49),463525)
(Set(122, 49, 124, 60),463376)
(Set(905),463007)
(Set(524, 49),462974)
(Set(124, 51, 516, 122),462782)
(Set(171, 121, 122, 49),462630)
(Set(51, 60),462404)
(Set(122, 49, 8, 1),461343)
(Set(220),461332)
(Set(122, 878, 516),460837)
(Set(8, 60, 121, 49),460819)
(Set(171, 49, 51, 8),460579)
(Set(121, 60, 49, 8, 122),460130)
(Set(51, 60, 122),460118)
(Set(122, 49, 8, 150),459656)
(Set(124, 51, 516, 8),459647)
(Set(171, 121, 49, 8),459158)
(Set(516, 49, 124, 121),459152)
(Set(49, 171, 8, 51, 122),458999)
(Set(124, 516, 8, 51, 122),458901)
(Set(121, 124, 49, 516, 122),458761)
(Set(121, 49, 171, 8, 122),458464)
(Set(8, 60, 49, 124),458388)
(Set(516, 51, 121),457941)
(Set(516, 878, 8),457760)
(Set(516, 51, 121, 122),457540)
(Set(60, 124, 49, 8, 122),457153)
(Set(122, 878, 124),456879)
(Set(516, 146),456826)
(Set(121, 124, 49, 516, 8),456673)
(Set(121, 124, 49, 516, 8, 122),456361)
(Set(516, 51, 121, 8),455451)
(Set(121, 516, 8, 51, 122),455143)
(Set(51, 60, 8),455133)
(Set(122, 49, 149, 8),454342)
(Set(8, 122, 51, 60),453990)
(Set(122, 878, 8, 516),453323)
(Set(84, 124),450756)
(Set(84, 516),450645)
(Set(516, 146, 122),450420)
(Set(49, 476),450333)
(Set(122, 49, 524),449286)
(Set(124, 146, 8),448964)
(Set(511),448501)
(Set(84, 122, 516),447905)
(Set(514, 516),447706)
(Set(84, 124, 122),447325)
(Set(511, 122),446709)
(Set(124, 878, 8),446195)
(Set(514, 516, 122),446136)
(Set(49, 476, 122),446086)
(Set(124, 51, 516, 49),445171)
(Set(51, 878),444812)
(Set(84, 121),444443)
(Set(124, 49, 516, 51, 122),444207)
(Set(8, 516, 84),443787)
(Set(8, 122, 146, 124),443579)
(Set(8, 516, 146),443535)
(Set(8, 516, 514),443171)
(Set(84, 121, 122),443137)
(Set(171, 60),442602)
(Set(516, 51, 121, 49),442371)
(Set(124, 49, 516, 8, 51),442244)
(Set(121, 49, 516, 51, 122),442114)
(Set(84, 8, 122, 516),442081)
(Set(8, 516, 514, 122),441931)
(Set(122, 878, 8, 124),441822)
(Set(124, 49, 516, 8, 51, 122),441787)
(Set(121, 49, 516, 8, 51),440814)
(Set(121, 49, 516, 8, 51, 122),440610)
(Set(524, 49, 8),440147)
(Set(122, 878, 51),439826)
(Set(49, 476, 8),439660)
(Set(51, 60, 49),439629)
(Set(22, 516),439369)
(Set(8, 511),439259)
(Set(514, 124),438951)
(Set(516, 878, 49),438824)
(Set(516, 146, 122, 8),438819)
(Set(122, 60, 171),438731)
(Set(122, 49, 51, 60),438113)
(Set(8, 511, 122),438013)
(Set(6),437717)
(Set(124, 51, 121),437159)
(Set(516, 122, 22),437155)
(Set(122, 49, 8, 476),436889)
(Set(84, 121, 8),436804)
(Set(514, 124, 122),436698)
(Set(121, 124, 122, 51),436686)
(Set(84, 124, 8),436638)
(Set(122, 878, 516, 49),436224)
(Set(84, 121, 8, 122),436118)
(Set(171, 516, 124),435483)
(Set(51, 60, 8, 49),435112)
(Set(516, 379),434991)
(Set(51, 878, 8),434965)
(Set(84, 8, 122, 124),434881)
(Set(60, 49, 8, 51, 122),434486)
(Set(6, 122),434354)
(Set(8, 516, 49, 878),434027)
(Set(20),433849)
(Set(8, 516, 22),433598)
(Set(8, 60, 171),433508)
(Set(124, 878, 49),433343)
(Set(171, 516, 124, 122),432832)
(Set(124, 51, 8, 121),432741)
(Set(122, 379, 516),432396)
(Set(121, 124, 8, 51, 122),432395)
(Set(8, 122, 51, 878),432253)
(Set(878, 49, 516, 8, 122),431939)
(Set(124, 379),431853)
(Set(8, 22, 122, 516),431831)
(Set(516, 121, 60),431367)
(Set(905, 122),431346)
(Set(514, 124, 8),431150)
(Set(8, 516, 379),431002)
(Set(121, 122, 60, 516),430848)
(Set(171, 516, 124, 8),430614)
(Set(8, 60, 122, 171),430449)
(Set(20, 122),429644)
(Set(514, 124, 8, 122),429599)
(Set(524, 49, 8, 122),429364)
(Set(6, 8),429299)
(Set(122, 379, 8, 516),429001)
(Set(124, 878, 49, 122),428995)
(Set(8, 60, 121, 516),428759)
(Set(516, 49, 514),428741)
(Set(121, 146),428403)
(Set(124, 516, 171, 8, 122),428380)
(Set(121, 60, 516, 8, 122),428342)
(Set(516, 49, 514, 122),427794)
(Set(84, 49, 516),427684)
(Set(171, 121, 516),427626)
(Set(122, 379, 124),427617)
(Set(171, 121, 122, 516),427089)
(Set(6, 122, 8),426756)
(Set(124, 60, 516),426645)
(Set(22, 124),426557)
(Set(514, 121),426501)
(Set(84, 49, 516, 122),426131)
(Set(124, 146, 49),426086)
(Set(516, 49, 514, 8),425903)
(Set(8, 905),425879)
(Set(121, 146, 122),425584)
(Set(121, 122, 514),425539)
(Set(514, 49, 516, 8, 122),425084)
(Set(8, 516, 121, 171),424837)
(Set(121, 516, 171, 8, 122),424395)
(Set(171, 146),424341)
(Set(124, 60, 516, 122),424273)
(Set(22, 124, 122),424120)
(Set(8, 379, 124),424076)
(Set(84, 49, 8, 516),423670)
(Set(122, 220),423122)
(Set(9),423089)
(Set(124, 60, 8, 516),422796)
(Set(84, 49, 516, 8, 122),422779)
(Set(124, 878, 49, 8),422541)
(Set(84, 121, 49),422143)
(Set(140),422020)
(Set(122, 379, 8, 124),421886)
(Set(8, 514, 121),421581)
(Set(81, 516),421538)
(Set(8, 20),421471)
(Set(84, 121, 49, 122),421387)
(Set(511, 49),421321)
(Set(60, 124, 516, 8, 122),421053)
(Set(124, 51, 49, 121),420927)
(Set(8, 514, 121, 122),420919)
(Set(51, 878, 49),420818)
(Set(84, 49, 124),420797)
(Set(121, 124, 49, 51, 122),420659)
(Set(878, 124, 49, 8, 122),420513)
(Set(124, 146, 122, 49),420426)
(Set(511, 49, 122),420357)
(Set(22, 121),420176)
(Set(8, 122, 20),419575)
(Set(171, 516, 51),419439)
(Set(171, 878),419157)
(Set(22, 121, 122),418927)
(Set(84, 124, 122, 49),418785)
(Set(124, 158),418686)
(Set(81, 516, 122),418601)
(Set(516, 146, 49),418327)
(Set(122, 51, 171, 516),418191)
(Set(84, 51),418190)
(Set(121, 124, 49, 8, 51),418090)
(Set(122, 49, 51, 878),418047)
(Set(121, 124, 49, 8, 51, 122),417878)
(Set(60, 146),417840)
(Set(84, 49, 8, 121),417733)
(Set(121, 84, 49, 8, 122),417330)
(Set(8, 516, 81),417190)
(Set(511, 49, 8),416956)
(Set(1, 124),416820)
(Set(171, 516, 51, 8),416750)
(Set(121, 124, 60),416679)
(Set(124, 150),416631)
(Set(422),416588)
(Set(22, 124, 8),416453)
(Set(516, 49, 60, 121),416372)
(Set(511, 49, 122, 8),416197)
(Set(516, 49, 379),416130)
(Set(121, 124, 122, 60),416102)
(Set(121, 60, 49, 516, 122),416070)
(Set(22, 49, 516),415968)
(Set(514, 124, 49),415948)
(Set(516, 146, 49, 122),415684)
(Set(516, 171, 8, 51, 122),415630)
(Set(51, 878, 8, 49),415236)
(Set(121, 146, 8),414924)
(Set(8, 22, 122, 124),414915)
(Set(516, 122, 22, 49),414845)
(Set(81, 516, 122, 8),414835)
(Set(514, 124, 122, 49),414800)
(Set(171, 49, 60),414721)
(Set(121, 60, 49, 516, 8),414655)
(Set(171, 49, 124, 516),414568)
(Set(171, 146, 122),414455)
(Set(121, 60, 49, 516, 8, 122),414398)
(Set(122, 49, 379, 516),414289)
(Set(22, 121, 8),414175)
(Set(84, 49, 8, 124),414057)
(Set(51, 379),413875)
(Set(124, 49, 516, 171, 122),413678)
(Set(49, 379, 8, 516),413619)
(Set(878, 49, 8, 51, 122),413331)
(Set(8, 22, 122, 121),413319)
(Set(8, 60, 121, 124),413197)
(Set(469),413161)
(Set(171, 49, 60, 122),413153)
(Set(8, 122, 146, 121),413136)
(Set(84, 124, 49, 8, 122),413054)
(Set(122, 51, 84),413016)
(Set(121, 60, 124, 8, 122),412764)
(Set(8, 516, 49, 22),412691)
(Set(379, 49, 516, 8, 122),412130)
(Set(122, 379, 51),411874)
(Set(122, 140),411770)
(Set(51, 146),411747)
(Set(22, 49, 516, 8, 122),411741)
(Set(514, 124, 8, 49),411568)
(Set(124, 49, 516, 171, 8),411537)
(Set(516, 49, 171, 121),411472)
(Set(1051),411337)
(Set(84, 8, 51),411258)
(Set(121, 49, 516, 171, 122),411132)
(Set(49, 379, 124),411124)
(Set(524, 146),410966)
(Set(149, 150),410826)
(Set(121, 878),410826)
(Set(8, 49, 146, 516),410816)
(Set(124, 49, 516, 171, 8, 122),410812)
(Set(122, 469),410632)
(Set(514, 124, 49, 8, 122),410630)
(Set(8, 60, 49, 171),410382)
(Set(6, 49),410156)
(Set(8, 379, 51),409969)
(Set(122, 878, 121),409829)
(Set(121, 49, 516, 171, 8),409819)
(Set(121, 49, 516, 171, 8, 122),409519)
(Set(516, 49, 60, 124),409502)
(Set(171, 121, 124),409369)
(Set(8, 49, 146, 124),409285)
(Set(60, 49, 171, 8, 122),409277)
(Set(49, 516, 8, 146, 122),409108)
(Set(121, 49, 514),409095)
(Set(122, 878, 171),408871)
(Set(121, 124, 122, 171),408734)
(Set(122, 379, 8, 51),408712)
(Set(60, 124, 49, 516, 122),408617)
(Set(122, 60, 146),408582)
(Set(121, 49, 514, 122),408497)
(Set(6, 122, 49),408411)
(Set(49, 379, 124, 122),408127)
(Set(51, 60, 516),407803)
(Set(1, 124, 122),407648)
(Set(8, 469),407631)
(Set(8, 905, 122),407110)
(Set(8, 122, 51, 84),407104)
(Set(9, 122),407089)
(Set(124, 49, 8, 146, 122),407048)
(Set(60, 124, 49, 516, 8),407040)
(Set(171, 146, 8),406921)
(Set(51, 60, 122, 516),406884)
(Set(60, 124, 49, 516, 8, 122),406610)
(Set(49, 379, 8, 124),406383)
(Set(8, 514, 121, 49),405991)
(Set(8, 469, 122),405938)
(Set(6, 8, 49),405601)
(Set(8, 171, 124, 121),405570)
(Set(1051, 122),405551)
(Set(121, 514, 49, 8, 122),405542)
(Set(51, 60, 8, 516),405201)
(Set(8, 878, 121),405171)
(Set(121, 124, 171, 8, 122),405093)
(Set(603),404968)
(Set(81, 49, 516),404921)
(Set(379, 124, 49, 8, 122),404864)
(Set(60, 516, 8, 51, 122),404750)
(Set(84, 171),404498)
(Set(122, 878, 121, 8),404460)
(Set(516, 49, 171, 51),404182)
(Set(122, 49, 8, 6),404112)
(Set(8, 1051),403628)
(Set(49, 516, 171, 51, 122),403574)
(Set(51, 146, 122),403488)
(Set(81, 516, 122, 49),403131)
(Set(84, 60),403057)
(Set(122, 158, 124),402937)
(Set(8, 878, 171),402919)
(Set(514, 51),402586)
(Set(22, 51),402298)
(Set(49, 516, 171, 8, 51),402286)
(Set(20, 49),402026)
(Set(8, 516, 49, 81),401927)
(Set(49, 516, 171, 8, 51, 122),401748)
(Set(514, 51, 122),401618)
(Set(81, 124),401453)
(Set(121, 124, 60, 49),401052)
(Set(121, 60, 124, 49, 122),400740)
(Set(84, 60, 122),400709)
(Set(122, 49, 20),400647)
(Set(49, 81, 516, 8, 122),400507)
(Set(22, 49, 124),400372)
(Set(905, 49),400300)
(Set(8, 140),400197)
(Set(516, 476),399604)
(Set(22, 49, 122, 124),399290)
(Set(1051, 122, 8),398886)
(Set(171, 146, 122, 8),398821)
(Set(121, 60, 124, 49, 8),398786)
(Set(84, 122, 171),398539)
(Set(121, 60, 124, 49, 8, 122),398534)
(Set(81, 122, 124),398388)
(Set(22, 49, 121),398378)
(Set(514, 51, 8),398327)
(Set(72),397808)
(Set(122, 476, 516),397715)
(Set(147),397705)
(Set(22, 49, 121, 122),397705)
(Set(8, 122, 51, 514),397583)
(Set(121, 379),397557)
(Set(49, 379, 51),397545)
(Set(122, 51, 22),397514)
(Set(51, 146, 8),397258)
(Set(1, 8, 124),397102)
(Set(122, 379, 121),396801)
(Set(124, 51, 171),396783)
(Set(49, 379, 51, 122),396535)
(Set(8, 22, 51),396290)
(Set(122, 878, 8, 171),396220)
(Set(8, 60, 146),396151)
(Set(8, 49, 20),396051)
(Set(122, 603),395820)
(Set(84, 49, 51),395736)
(Set(122, 150, 124),395713)
(Set(524, 146, 122),395695)
(Set(122, 51, 171, 124),395635)
(Set(8, 516, 476),395470)
(Set(49, 379, 51, 8),395400)
(Set(8, 603),395369)
(Set(8, 140, 122),395272)
(Set(8, 9),395228)
(Set(84, 8, 171),395197)
(Set(8, 122, 20, 49),395168)
(Set(22, 49, 8, 124),395059)
(Set(51, 60, 121),395037)
(Set(516, 49, 60, 51),395037)
(Set(22, 49, 121, 8),394851)
(Set(121, 122, 60, 51),394688)
(Set(84, 60, 8),394683)
(Set(516, 51, 121, 124),394679)
(Set(88),394664)
(Set(1, 8, 124, 122),394598)
(Set(379, 49, 8, 51, 122),394567)
(Set(121, 124, 516, 51, 122),394503)
(Set(8, 379, 121),394445)
(Set(122, 49, 51, 84),394428)
(Set(60, 49, 516, 51, 122),394345)
(Set(121, 22, 49, 8, 122),394319)
(Set(124, 22, 49, 8, 122),394260)
(Set(8, 220),394187)
(Set(122, 476, 516, 8),393907)
(Set(122, 379, 8, 121),393862)
(Set(121, 146, 49),393714)
(Set(81, 8, 124),393669)
(Set(84, 60, 8, 122),393294)
(Set(60, 49, 516, 8, 51),393213)
(Set(121, 124, 516, 8, 51),393100)
(Set(121, 124, 516, 8, 51, 122),392975)
(Set(60, 49, 516, 8, 51, 122),392933)
(Set(49, 878, 121),392829)
(Set(8, 60, 121, 51),392817)
(Set(124, 51, 8, 171),392736)
(Set(121, 60, 8, 51, 122),392559)
(Set(171, 49, 124, 121),392425)
(Set(376),392317)
(Set(121, 146, 49, 122),392264)
(Set(122, 878, 121, 49),392220)
(Set(171, 158),392114)
(Set(8, 122, 51, 22),392049)
(Set(121, 124, 49, 171, 122),392046)
(Set(124, 171, 8, 51, 122),391990)
(Set(8, 122, 146, 60),391521)
(Set(81, 8, 124, 122),391500)
(Set(49, 469),391390)
(Set(84, 49, 8, 51),391179)
(Set(8, 122, 51, 146),391065)
(Set(76),390936)
(Set(84, 8, 122, 171),390792)
(Set(81, 121),390682)
(Set(84, 49, 8, 51, 122),390528)
(Set(122, 49, 469),390520)
(Set(124, 51, 60),390320)
(Set(9, 122, 8),390167)
(Set(121, 124, 49, 171, 8),390162)
(Set(81, 121, 122),389885)
(Set(22, 146),389870)
(Set(121, 124, 49, 171, 8, 122),389830)
(Set(124, 476),389821)
(Set(88, 122),389678)
(Set(1, 516),389673)
(Set(422, 122),389644)
(Set(8, 878, 121, 49),389319)
(Set(171, 121, 51),389247)
(Set(84, 121, 516),389113)
(Set(124, 51, 122, 60),388995)
(Set(8, 469, 49),388904)
(Set(171, 22),388869)
(Set(122, 51, 171, 121),388864)
(Set(878, 121, 49, 8, 122),388837)
(Set(121, 122, 516, 84),388766)
(Set(8, 122, 603),388437)
(Set(122, 49, 8, 469),388168)
(Set(516, 158),388034)
(Set(524, 146, 8),388014)
(Set(905, 49, 122),387900)
(Set(514, 51, 49),387400)
(Set(124, 308),387377)
(Set(81, 121, 8),387229)
(Set(1, 516, 122),387068)
(Set(122, 476, 124),387053)
(Set(123),386973)
(Set(8, 51, 121, 171),386962)
(Set(514, 51, 122, 49),386787)
(Set(121, 171, 8, 51, 122),386643)
(Set(81, 121, 122, 8),386629)
(Set(84, 121, 8, 516),386603)
(Set(8, 49, 146, 121),386534)
(Set(121, 84, 516, 8, 122),386351)
(Set(124, 51, 8, 60),386226)
(Set(122, 376),386203)
(Set(124, 149),386180)
(Set(49, 878, 171),386076)
(Set(60, 124, 8, 51, 122),385762)
(Set(1, 124, 49),385478)
(Set(121, 49, 8, 146, 122),385467)
(Set(519),385455)
(Set(122, 123),385182)
(Set(511, 516),384738)
(Set(8, 514, 49, 51),384701)
(Set(121, 124, 49, 516, 51),384631)
(Set(121, 124, 49, 516, 51, 122),384507)
(Set(1, 51),384408)
(Set(511, 122, 516),384221)
(Set(514, 49, 8, 51, 122),384176)
(Set(171, 22, 122),384097)
(Set(514, 60),383854)
(Set(81, 49, 124),383771)
(Set(124, 158, 8),383679)
(Set(121, 124, 49, 516, 8, 51),383591)
(Set(905, 49, 8),383540)
(Set(516, 149),383506)
(Set(121, 124, 49, 516, 8, 51, 122),383501)
(Set(8, 516, 1),383409)
(Set(9, 49),383372)
(Set(84, 124, 516),383250)
(Set(49, 379, 121),383135)
(Set(171, 516, 60),383080)
(Set(51, 60, 121, 49),383043)
(Set(49, 476, 516),382951)
(Set(121, 124, 84),382938)
(Set(121, 60, 49, 51, 122),382850)
(Set(1051, 49),382709)
(Set(49, 379, 121, 122),382677)
(Set(514, 60, 122),382546)
(Set(81, 51),382471)
(Set(121, 124, 122, 84),382418)
(Set(49, 140),382307)
(Set(122, 878, 49, 171),382242)
(Set(22, 146, 122),382236)
(Set(84, 124, 516, 122),382230)
(Set(171, 49, 124, 51),382200)
(Set(122, 76),382123)
(Set(8, 516, 511),382044)
(Set(171, 514),381977)
(Set(84, 60, 49),381896)
(Set(1, 516, 122, 8),381700)
(Set(122, 476, 516, 49),381699)
(Set(8, 516, 511, 122),381629)
(Set(122, 49, 81, 124),381618)
(Set(121, 60, 49, 8, 51),381611)
(Set(124, 49, 171, 51, 122),381488)
(Set(121, 60, 49, 8, 51, 122),381452)
(Set(8, 22, 171),381315)
(Set(49, 379, 121, 8),381184)
(Set(171, 516, 122, 60),381135)
(Set(379, 121, 49, 8, 122),380813)
(Set(51, 158),380723)
(Set(8, 123),380714)
(Set(8, 516, 60, 171),380628)
(Set(171, 514, 122),380561)
(Set(84, 60, 49, 122),380441)
(Set(81, 51, 122),380414)
(Set(49, 476, 516, 8),380356)
(Set(8, 88),380275)
(Set(122, 158, 516),380144)
(Set(8, 516, 84, 124),379825)
(Set(8, 122, 123),379762)
(Set(122, 49, 1051),379671)
(Set(516, 150),379569)
(Set(122, 308, 124),379547)
(Set(8, 514, 60),379543)
(Set(124, 49, 171, 8, 51),379484)
(Set(84, 124, 516, 8, 122),379321)
(Set(519, 122),379293)
(Set(476, 49, 516, 8, 122),379274)
(Set(124, 49, 171, 8, 51, 122),379058)
(Set(60, 516, 171, 8, 122),378889)
(Set(1051, 49, 8),378851)
(Set(81, 8, 124, 49),378765)
(Set(1, 124, 122, 49),378744)
(Set(81, 8, 51),378649)
(Set(121, 124, 84, 8),378594)
(Set(8, 514, 60, 122),378560)
(Set(8, 878, 171, 49),378410)
(Set(84, 49, 171),378343)
(Set(8, 376),378263)
(Set(121, 84, 124, 8, 122),378256)
(Set(514, 124, 516),378164)
(Set(171, 49, 146),378130)
(Set(22, 49, 51),378048)
(Set(124, 158, 8, 122),377977)
(Set(122, 49, 140),377761)
(Set(84, 49, 8, 60),377678)
(Set(8, 122, 88),377609)
(Set(122, 51, 1),377551)
(Set(8, 514, 171),377512)
(Set(81, 121, 49),377473)
(Set(514, 124, 122, 516),377450)
(Set(124, 51, 60, 49),377378)
(Set(171, 49, 51, 121),377333)
(Set(124, 49, 81, 8, 122),377183)
(Set(122, 49, 51, 22),377108)
(Set(8, 22, 122, 171),377107)
(Set(121, 49, 171, 51, 122),377097)
(Set(8, 476, 124),377080)
(Set(122, 49, 81, 121),376965)
(Set(8, 122, 51, 81),376926)
(Set(84, 60, 49, 8, 122),376912)
(Set(121, 124, 60, 516),376884)
(Set(514, 516, 121),376845)
(Set(84, 49, 171, 122),376782)
(Set(124, 150, 8),376752)
(Set(84, 49, 516, 121),376721)
(Set(121, 60, 124, 516, 122),376684)
(Set(171, 379),376577)
(Set(121, 122, 516, 514),376513)
(Set(121, 84, 49, 516, 122),376497)
(Set(8, 514, 122, 171),376400)
(Set(60, 124, 49, 51, 122),376316)
(Set(603, 49),376285)
(Set(122, 49, 8, 1051),376236)
(Set(122, 149, 516),376076)
(Set(49, 60, 146),376039)
(Set(22, 60),375901)
(Set(8, 220, 122),375875)
(Set(121, 49, 171, 8, 51),375834)
(Set(878, 49, 171, 8, 122),375763)
(Set(51, 146, 49),375665)
(Set(8, 519),375645)
(Set(121, 49, 171, 8, 51, 122),375621)
(Set(8, 122, 476, 124),375563)
(Set(514, 124, 8, 516),375561)
(Set(8, 516, 158),375552)
(Set(524, 146, 122, 8),375508)
(Set(171, 49, 146, 122),375483)
(Set(22, 146, 8),375413)
(Set(1, 8, 124, 49),375413)
(Set(121, 60, 124, 516, 8),375397)
(Set(121, 60, 124, 516, 8, 122),375241)
(Set(8, 516, 514, 121),375104)
(Set(81, 121, 49, 8),375037)
(Set(121, 84, 49, 516, 8),375000)
(Set(514, 124, 516, 8, 122),374994)
(Set(338),374838)
(Set(121, 514, 516, 8, 122),374832)
(Set(121, 84, 49, 516, 8, 122),374826)
(Set(121, 476),374754)
(Set(22, 49, 8, 51),374703)
(Set(121, 49, 81, 8, 122),374635)
(Set(509),374580)
(Set(60, 124, 49, 8, 51),374522)
(Set(1, 8, 51),374521)
(Set(22, 60, 122),374499)
(Set(905, 49, 122, 8),374397)
(Set(122, 376, 8),374311)
(Set(60, 124, 49, 8, 51, 122),374252)
(Set(1, 124, 49, 8, 122),374155)
(Set(121, 122, 476),374110)
(Set(84, 49, 8, 171),373989)
(Set(22, 49, 8, 51, 122),373980)
(Set(590),373820)
(Set(20, 121),373667)
(Set(20, 516),373374)
(Set(8, 76),372982)
(Set(9, 122, 49),372977)
(Set(121, 122, 20),372965)
(Set(122, 49, 603),372943)
(Set(142),372938)
(Set(84, 49, 171, 8, 122),372848)
(Set(8, 122, 51, 1),372667)
(Set(171, 379, 122),372619)
(Set(20, 516, 122),372482)
(Set(122, 49, 51, 146),372410)
(Set(406),372256)
(Set(8, 140, 49),372211)
(Set(8, 516, 149),372102)
(Set(516, 308),372004)
(Set(519, 122, 8),371886)
(Set(171, 379, 8),371856)
(Set(8, 49, 603),371646)
(Set(863),371343)
(Set(122, 149, 124),371251)
(Set(122, 150, 149),371219)
(Set(121, 476, 8),371042)
(Set(511, 49, 516),371013)
(Set(49, 60, 146, 122),370985)
(Set(122, 150, 516),370959)
(Set(511, 49, 516, 122),370744)
(Set(121, 122, 476, 8),370582)
(Set(171, 121, 60),370531)
(Set(8, 49, 146, 171),370530)
(Set(22, 121, 516),370510)
(Set(8, 422),370418)
(Set(8, 516, 20),370391)
(Set(122, 150, 124, 8),370339)
(Set(121, 122, 60, 171),370117)
(Set(516, 122, 22, 121),370083)
(Set(122, 158, 8, 516),370074)
(Set(516, 878, 124),370040)
(Set(124, 60, 171),369960)
(Set(122, 142),369797)
(Set(8, 122, 20, 516),369734)
(Set(122, 49, 140, 8),369672)
(Set(81, 49, 51),369593)
(Set(22, 60, 8),369571)
(Set(84, 49, 516, 124),369566)
(Set(22, 146, 8, 122),369526)
(Set(511, 49, 516, 8),369525)
(Set(122, 76, 8),369439)
(Set(516, 49, 60, 171),369399)
(Set(516, 49, 1),369358)
(Set(511, 49, 516, 8, 122),369300)
(Set(122, 72),369279)
(Set(121, 124, 84, 49),369158)
(Set(20, 121, 8),369098)
(Set(122, 49, 8, 603),368992)
(Set(60, 49, 516, 171, 122),368896)
(Set(121, 84, 124, 49, 122),368852)
(Set(84, 124, 49, 516, 122),368832)
(Set(49, 171, 8, 146, 122),368686)
(Set(122, 379, 8, 171),368674)
(Set(122, 158, 171),368645)
(Set(8, 122, 20, 121),368615)
(Set(171, 516, 124, 121),368573)
(Set(8, 22, 122, 60),368564)
(Set(51, 476),368522)
(Set(121, 124, 516, 171, 122),368350)
(Set(49, 60, 514),368348)
(Set(22, 121, 8, 516),368231)
(Set(8, 60, 121, 171),368184)
(Set(8, 308, 124),368163)
(Set(49, 220),368083)
(Set(471),368036)
(Set(1, 516, 122, 49),368026)
(Set(122, 49, 51, 81),367977)
(Set(121, 22, 516, 8, 122),367880)
(Set(121, 60, 171, 8, 122),367863)
(Set(124, 60, 171, 122),367852)
(Set(122, 863),367844)
(Set(122, 158, 51),367844)
(Set(514, 124, 121),367841)
(Set(60, 49, 516, 171, 8),367761)
(Set(122, 878, 516, 124),367753)
(Set(8, 49, 146, 51),367751)
(Set(124, 158, 49),367741)
(Set(514, 60, 122, 49),367708)
(Set(81, 171),367665)
(Set(516, 146, 124),367628)
(Set(511, 124),367625)
(Set(121, 124, 122, 514),367406)
(Set(171, 422),367395)
(Set(60, 49, 516, 171, 8, 122),367395)
(Set(122, 308, 516),367360)
(Set(84, 124, 49, 516, 8),367317)
(Set(1, 51, 49),367298)
(Set(22, 124, 516),367108)
(Set(121, 60, 124, 49, 516),367066)
(Set(121, 124, 516, 171, 8),367028)
(Set(84, 124, 49, 516, 8, 122),367022)
(Set(81, 49, 51, 8),366945)
(Set(121, 60, 124, 49, 516, 122),366945)
(Set(9, 49, 8),366914)
(Set(511, 122, 124),366912)
(Set(6, 516),366889)
(Set(121, 124, 516, 171, 8, 122),366840)
(Set(516, 49, 514, 121),366658)
(Set(51, 476, 122),366604)
(Set(122, 149, 516, 8),366581)
(Set(121, 84, 124, 49, 8),366576)
(Set(8, 509),366543)
(Set(516, 49, 514, 124),366519)
(Set(406, 122),366517)
(Set(121, 514, 49, 516, 122),366426)
(Set(516, 122, 22, 124),366420)
(Set(121, 84, 124, 49, 8, 122),366369)
(Set(509, 122),366198)
(Set(121, 60, 124, 49, 516, 8),366081)
(Set(514, 124, 49, 516, 122),366058)
(Set(121, 60, 124, 49, 516, 8, 122),365982)
(Set(516, 878, 8, 124),365916)
(Set(516, 51, 84),365907)
(Set(8, 516, 49, 1),365883)
(Set(8, 171, 124, 60),365883)
(Set(511, 121),365873)
(Set(6, 122, 516),365872)
(Set(857),365841)
(Set(472),365781)
(Set(8, 514, 60, 49),365701)
(Set(49, 8, 146, 51, 122),365679)
(Set(121, 122, 511),365599)
(Set(49, 81, 8, 51, 122),365471)
(Set(516, 150, 8),365456)
(Set(121, 514, 49, 516, 8),365444)
(Set(171, 49, 514),365423)
(Set(524, 49, 146),365287)
(Set(121, 514, 49, 516, 8, 122),365246)
(Set(514, 60, 49, 8, 122),365166)
(Set(275),365144)
(Set(122, 471),365125)
(Set(49, 376),365043)
(Set(8, 516, 308),365033)
(Set(514, 124, 8, 121),365024)
(Set(1, 49, 516, 8, 122),364878)
(Set(514, 124, 49, 516, 8),364850)
(Set(1, 121),364778)
(Set(60, 878),364766)
(Set(121, 514, 124, 8, 122),364703)
(Set(8, 516, 6),364684)
(Set(516, 51, 122, 84),364663)
(Set(171, 49, 514, 122),364643)
(Set(9, 122, 8, 49),364629)
(Set(8, 49, 146, 60),364439)
(Set(514, 124, 49, 516, 8, 122),364437)
(Set(81, 122, 171),364430)
(Set(49, 476, 124),364326)
(Set(516, 146, 124, 122),364277)
(Set(8, 142),364112)
(Set(8, 308, 122, 124),364087)
(Set(878, 124, 516, 8, 122),364009)
(Set(22, 124, 8, 516),363990)
(Set(60, 124, 171, 8, 122),363982)
(Set(6, 122, 516, 8),363831)
(Set(121, 122, 1),363729)
(Set(88, 49),363651)
(Set(516, 878, 51),363592)
(Set(124, 22, 516, 8, 122),363486)
(Set(8, 516, 84, 51),363462)
(Set(123, 49),363444)
(Set(8, 511, 121),363139)
(Set(51, 476, 8),363059)
(Set(8, 511, 121, 122),362956)
(Set(516, 51, 122, 878),362854)
(Set(122, 49, 123),362807)
(Set(171, 49, 514, 8),362794)
(Set(84, 516, 8, 51, 122),362790)
(Set(122, 476, 124, 49),362781)
(Set(20, 124),362724)
(Set(516, 51, 121, 60),362660)
(Set(8, 511, 124),362620)
(Set(60, 49, 8, 146, 122),362544)
(Set(8, 863),362524)
(Set(121, 60, 516, 51, 122),362524)
(Set(51, 158, 8),362501)
(Set(8, 122, 142),362459)
(Set(590, 122),362455)
(Set(516, 469),362345)
(Set(81, 8, 171),362320)
(Set(122, 376, 49),362286)
(Set(406, 8),362202)
(Set(514, 49, 171, 8, 122),362147)
(Set(511, 122, 124, 8),362091)
(Set(22, 49, 171),362025)
(Set(122, 878, 60),361974)
(Set(51, 476, 8, 122),361947)
(Set(8, 308, 122, 516),361828)
(Set(516, 469, 122),361769)
(Set(121, 60, 516, 8, 51),361690)
(Set(122, 472),361672)
(Set(121, 60, 516, 8, 51, 122),361581)
(Set(88, 49, 122),361492)
(Set(51, 878, 8, 516),361369)
(Set(20, 122, 124),361197)
(Set(516, 878, 121),361183)
(Set(516, 524),361164)
(Set(84, 121, 51),361132)
(Set(122, 49, 51, 1),361017)
(Set(22, 49, 171, 122),360862)
(Set(122, 878, 121, 516),360857)
(Set(121, 122, 51, 84),360821)
(Set(8, 516, 469),360810)
(Set(878, 516, 8, 51, 122),360771)
(Set(516, 146, 124, 8),360662)
(Set(123, 49, 8),360490)
(Set(49, 476, 121),360400)
(Set(122, 863, 8),360339)
(Set(516, 379, 124),360329)
(Set(8, 516, 122, 469),360307)
(Set(1, 8, 121),360258)
(Set(116),360238)
(Set(171, 158, 8),360210)
(Set(121, 122, 476, 49),360022)
(Set(8, 476, 124, 49),360008)
(Set(122, 49, 8, 123),359993)
(Set(81, 8, 171, 122),359977)
(Set(1, 8, 49, 51),359839)
(Set(516, 150, 8, 122),359736)
(Set(8, 878, 60),359597)
(Set(1, 8, 121, 122),359568)
(Set(8, 878, 121, 516),359547)
(Set(8, 471),359517)
(Set(122, 379, 124, 516),359502)
(Set(14),359357)
(Set(121, 124, 22),359341)
(Set(878, 121, 516, 8, 122),359268)
(Set(275, 122),359203)
(Set(294),359095)
(Set(124, 476, 49, 8, 122),359061)
(Set(8, 122, 509),359043)
(Set(122, 147),358912)
(Set(171, 379, 49),358879)
(Set(8, 22, 171, 49),358847)
(Set(121, 124, 122, 22),358843)
(Set(514, 51, 516),358555)
(Set(84, 121, 8, 51),358496)
(Set(171, 121, 49, 60),358482)
(Set(8, 516, 379, 124),358418)
(Set(1, 49, 8, 51, 122),358362)
(Set(121, 84, 8, 51, 122),358287)
(Set(121, 60, 49, 171, 122),358264)
(Set(124, 516, 8, 146, 122),358239)
(Set(379, 60),358238)
(Set(8, 122, 406),358196)
(Set(514, 51, 516, 122),358196)
(Set(516, 379, 121),358151)
(Set(121, 476, 8, 49),358130)
(Set(122, 471, 8),357985)
(Set(121, 124, 49, 516, 171),357946)
(Set(22, 49, 171, 8, 122),357884)
(Set(122, 379, 121, 516),357849)
(Set(121, 476, 49, 8, 122),357830)
(Set(122, 158, 49, 124),357823)
(Set(516, 49, 20),357807)
(Set(379, 124, 516, 8, 122),357806)
(Set(124, 51, 878),357796)
(Set(121, 124, 49, 516, 171, 122),357790)
(Set(124, 49, 150),357597)
(Set(519, 49),357549)
(Set(49, 76),357513)
(Set(22, 49, 121, 516),357489)
(Set(122, 878, 8, 60),357373)
(Set(122, 49, 20, 516),357303)
(Set(14, 122),357233)
(Set(121, 22, 49, 516, 122),357221)
(Set(122, 379, 60),357166)
(Set(124, 149, 8),357095)
(Set(122, 49, 379, 171),357091)
(Set(121, 124, 49, 516, 171, 8),357040)
(Set(121, 60, 49, 171, 8),357014)
(Set(514, 51, 516, 8),356999)
(Set(208),356907)
(Set(121, 124, 49, 516, 171, 8, 122),356893)
(Set(8, 516, 379, 121),356879)
(Set(121, 60, 49, 171, 8, 122),356830)
(Set(514, 124, 49, 121),356773)
(Set(8, 122, 422),356743)
(Set(8, 20, 124),356732)
(Set(514, 516, 8, 51, 122),356690)
(Set(22, 49, 60),356683)
(Set(121, 49, 20),356682)
(Set(379, 121, 516, 8, 122),356637)
(Set(124, 51, 122, 878),356607)
(Set(49, 376, 8),356592)
(Set(121, 514, 124, 49, 122),356494)
(Set(8, 122, 51, 158),356361)
(Set(122, 49, 20, 121),356311)
(Set(88, 49, 8),356192)
(Set(516, 51, 121, 171),356178)
(Set(516, 524, 122),356108)
(Set(124, 524),356092)
(Set(22, 121, 8, 124),356087)
(Set(121, 22, 49, 516, 8),356072)
(Set(121, 516, 171, 51, 122),356025)
(Set(22, 60, 122, 49),355998)
(Set(8, 516, 49, 20),355977)
(Set(49, 379, 8, 171),355951)
(Set(516, 49, 124, 878),355928)
(Set(8, 122, 20, 124),355915)
(Set(124, 49, 308),355866)
(Set(121, 22, 49, 516, 8, 122),355832)
(Set(121, 124, 22, 8, 122),355734)
(Set(124, 51, 84),355718)
(Set(524, 146, 122, 49),355635)
(Set(448),355634)
(Set(20, 49, 516, 8, 122),355577)
(Set(122, 49, 220),355547)
(Set(124, 51, 516, 60),355389)
(Set(121, 516, 171, 8, 51),355288)
(Set(84, 49, 516, 51),355276)
(Set(84, 60, 121),355239)
(Set(84, 60, 516),355231)
(Set(878, 124, 49, 516, 122),355145)
(Set(121, 516, 171, 8, 51, 122),355145)
(Set(124, 51, 516, 171),355041)
(Set(8, 379, 60),354948)
(Set(8, 590),354888)
(Set(121, 514, 124, 49, 8),354884)
(Set(84, 60, 121, 122),354849)
(Set(121, 60, 49, 516, 51),354817)
(Set(122, 49, 519),354797)
(Set(122, 49, 8, 376),354774)
(Set(88, 49, 122, 8),354751)
(Set(60, 124, 516, 51, 122),354732)
(Set(121, 60, 49, 516, 51, 122),354732)
(Set(124, 51, 122, 84),354719)
(Set(124, 516, 171, 51, 122),354675)
(Set(516, 146, 121),354661)
(Set(121, 514, 124, 49, 8, 122),354658)
(Set(171, 49, 124, 60),354610)
(Set(84, 49, 516, 51, 122),354593)
(Set(379, 49, 171, 8, 122),354508)
(Set(122, 76, 49),354354)
(Set(81, 60),354278)
(Set(84, 60, 516, 122),354183)
(Set(121, 60, 49, 516, 8, 51),354181)
(Set(511, 51),354159)
(Set(524, 49, 8, 146),354140)
(Set(122, 379, 8, 60),354138)
(Set(121, 60, 49, 516, 8, 51, 122),354109)
(Set(8, 49, 20, 121),354072)
(Set(60, 124, 49, 171, 122),354071)
(Set(516, 146, 121, 122),353859)
(Set(511, 122, 51),353849)
(Set(20, 121, 49, 8, 122),353796)
(Set(60, 124, 516, 8, 51),353773)
(Set(8, 472),353621)
(Set(124, 516, 171, 8, 51),353566)
(Set(81, 49, 171),353556)
(Set(60, 124, 516, 8, 51, 122),353537)
(Set(511, 49, 121),353533)
(Set(84, 49, 516, 8, 51),353520)
(Set(8, 60, 49, 22),353465)
(Set(124, 51, 8, 878),353414)
(Set(878, 124, 49, 516, 8),353393)
(Set(121, 124, 146),353362)
(Set(511, 49, 122, 121),353359)
(Set(516, 49, 124, 22),353320)
(Set(49, 476, 51),353288)
(Set(84, 49, 516, 8, 51, 122),353265)
(Set(124, 516, 171, 8, 51, 122),353248)
(Set(516, 379, 51),353075)
(Set(6, 516, 49),352974)
(Set(84, 146),352966)
(Set(124, 22, 49, 516, 122),352948)
(Set(878, 124, 8, 51, 122),352941)
(Set(60, 22, 49, 8, 122),352930)
(Set(878, 124, 49, 516, 8, 122),352795)
(Set(8, 519, 49),352781)
(Set(81, 122, 60),352705)
(Set(81, 121, 516),352687)
(Set(511, 49, 124),352661)
(Set(516, 49, 158),352640)
(Set(8, 60, 121, 84),352607)
(Set(171, 149),352593)
(Set(516, 379, 51, 122),352592)
(Set(1, 171),352525)
(Set(516, 878, 51, 49),352522)
(Set(171, 476),352509)
(Set(60, 124, 49, 171, 8),352498)
(Set(8, 14),352434)
(Set(81, 121, 516, 122),352380)
(Set(121, 84, 60, 8, 122),352337)
(Set(6, 122, 516, 49),352323)
(Set(121, 124, 146, 122),352249)
(Set(511, 49, 122, 124),352179)
(Set(84, 60, 8, 516),352118)
(Set(8, 516, 524),352082)
(Set(122, 49, 51, 476),352077)
(Set(122, 448),352057)
(Set(878, 49, 516, 51, 122),352047)
(Set(516, 49, 149),352038)
(Set(60, 124, 49, 171, 8, 122),352038)
(Set(122, 149, 124, 8),351913)
(Set(51, 308),351910)
(Set(516, 379, 51, 8),351871)
(Set(511, 49, 121, 8),351829)
(Set(8, 511, 51),351721)
(Set(511, 121, 49, 8, 122),351706)
(Set(124, 51, 8, 84),351689)
(Set(516, 49, 308),351682)
(Set(122, 49, 81, 171),351645)
(Set(516, 51, 22),351638)
(Set(84, 60, 516, 8, 122),351608)
(Set(8, 516, 49, 6),351569)
(Set(8, 122, 472),351488)
(Set(379, 516, 8, 51, 122),351484)
(Set(8, 122, 51, 511),351483)
(Set(124, 22, 49, 516, 8),351469)
(Set(171, 150),351400)
(Set(81, 121, 516, 8),351351)
(Set(84, 124, 8, 51, 122),351305)
(Set(8, 14, 122),351298)
(Set(516, 49, 121, 878),351253)
(Set(51, 60, 171),351214)
(Set(124, 22, 49, 516, 8, 122),351160)
(Set(121, 81, 516, 8, 122),351086)
(Set(878, 121, 49, 516, 122),351026)
(Set(878, 49, 516, 8, 51),351002)
(Set(6, 49, 516, 8, 122),351002)
(Set(516, 49, 469),350898)
(Set(22, 146, 49),350884)
(Set(516, 122, 22, 51),350873)
(Set(84, 121, 51, 49),350852)
(Set(8, 60, 81),350794)
(Set(122, 49, 8, 519),350754)
(Set(122, 308, 124, 49),350677)
(Set(122, 51, 171, 60),350671)
(Set(124, 158, 8, 49),350670)
(Set(121, 84, 49, 51, 122),350667)
(Set(878, 49, 516, 8, 51, 122),350608)
(Set(122, 49, 469, 516),350563)
(Set(124, 51, 379),350390)
(Set(511, 49, 124, 8),350354)
(Set(516, 146, 121, 8),350275)
(Set(878, 121, 49, 516, 8),350134)
(Set(171, 476, 122),350056)
(Set(51, 476, 8, 49),350020)
(Set(8, 516, 49, 469),350000)
(Set(81, 8, 171, 49),349962)
(Set(124, 51, 122, 379),349956)
(Set(511, 124, 49, 8, 122),349948)
(Set(878, 121, 49, 516, 8, 122),349933)
(Set(8, 49, 76),349924)
(Set(124, 524, 122),349857)
(Set(81, 516, 124),349822)
(Set(514, 51, 516, 49),349796)
(Set(8, 275),349752)
(Set(509, 49),349752)
(Set(516, 51, 22, 8),349734)
(Set(49, 516, 8, 122, 469),349699)
(Set(49, 863),349685)
(Set(121, 516, 8, 146, 122),349667)
(Set(49, 142),349633)
(Set(81, 122, 60, 8),349561)
(Set(514, 49, 516, 51, 122),349548)
(Set(49, 379, 124, 516),349521)
(Set(49, 379, 121, 516),349417)
(Set(51, 149),349413)
(Set(8, 72),349287)
(Set(476, 49, 8, 51, 122),349212)
(Set(379, 121, 49, 516, 122),349193)
(Set(22, 516, 8, 51, 122),349059)
(Set(121, 84, 49, 8, 51),349058)
(Set(121, 124, 60, 51),349055)
(Set(84, 60, 124),349012)
(Set(122, 158, 49, 516),348982)
(Set(379, 124, 49, 516, 122),348928)
(Set(121, 84, 49, 8, 51, 122),348924)
(Set(121, 60, 124, 51, 122),348912)
(Set(590, 122, 8),348894)
(Set(51, 60, 8, 171),348885)
(Set(22, 146, 49, 122),348812)
(Set(81, 516, 122, 124),348802)
(Set(514, 49, 516, 8, 51),348752)
(Set(124, 51, 8, 379),348688)
(Set(122, 308, 516, 49),348578)
(Set(49, 81, 171, 8, 122),348576)
(Set(171, 516, 84),348555)
(Set(514, 49, 516, 8, 51, 122),348523)
(Set(379, 121, 49, 516, 8),348506)
(Set(121, 49, 516, 171, 51),348494)
(Set(60, 171, 8, 51, 122),348408)
(Set(49, 142, 122),348389)
(Set(121, 49, 516, 171, 51, 122),348385)
(Set(379, 124, 8, 51, 122),348380)
(Set(122, 149, 516, 49),348324)
(Set(379, 121, 49, 516, 8, 122),348324)
(Set(516, 524, 122, 8),348314)
(Set(379, 124, 49, 516, 8),348234)
(Set(406, 49),348149)
(Set(1, 171, 122),348116)
(Set(122, 863, 49),348109)
(Set(124, 49, 158, 8, 122),348058)
(Set(122, 76, 8, 49),348014)
(Set(121, 49, 1),347948)
(Set(171, 524),347939)
(Set(116, 122),347936)
(Set(121, 49, 516, 171, 8, 51),347881)
(Set(49, 878, 60),347878)
(Set(81, 8, 124, 516),347845)
(Set(121, 49, 516, 171, 8, 51, 122),347776)
(Set(379, 124, 49, 516, 8, 122),347775)
(Set(121, 60, 124, 8, 51),347729)
(Set(171, 308),347707)
(Set(121, 60, 124, 8, 51, 122),347617)
(Set(84, 60, 122, 124),347578)
(Set(8, 275, 122),347445)
(Set(122, 49, 1, 121),347393)
(Set(171, 516, 122, 84),347392)
(Set(60, 124, 49, 516, 51),347330)
(Set(122, 158, 8, 171),347081)
(Set(8, 308, 49, 516),347038)
(Set(514, 146),347010)
(Set(124, 81, 516, 8, 122),347003)
(Set(121, 124, 146, 8),346954)
(Set(124, 51, 878, 49),346919)
(Set(122, 878, 60, 49),346895)
(Set(8, 448),346874)
(Set(60, 124, 49, 516, 51, 122),346786)
(Set(122, 308, 51),346751)
(Set(8, 49, 158, 516),346435)
(Set(51, 158, 49),346385)
(Set(8, 308, 49, 124),346362)
(Set(8, 516, 149, 49),346352)
(Set(84, 122, 146),346315)
(Set(20, 51),346307)
(Set(171, 476, 8),346229)
(Set(121, 124, 8, 146, 122),346220)
(Set(60, 124, 49, 516, 8, 51),346170)
(Set(124, 49, 516, 171, 51),346098)
(Set(60, 124, 49, 516, 8, 51, 122),346024)
(Set(171, 516, 84, 8),346018)
(Set(878, 124, 49, 51, 122),345914)
(Set(8, 147),345904)
(Set(124, 49, 516, 171, 51, 122),345893)
(Set(122, 150, 124, 49),345830)
(Set(22, 49, 121, 124),345698)
(Set(122, 294),345664)
(Set(49, 524, 8, 146, 122),345613)
(Set(49, 142, 8),345601)
(Set(8, 49, 509),345598)
(Set(1, 8, 121, 49),345579)
(Set(49, 379, 60),345539)
(Set(124, 49, 20),345452)
(Set(121, 124, 22, 49, 122),345398)
(Set(8, 149, 150),345394)
(Set(122, 49, 406),345332)
(Set(122, 51, 20),345293)
(Set(49, 863, 8),345213)
(Set(6, 124),345180)
(Set(121, 1, 49, 8, 122),345177)
(Set(514, 51, 124),345119)
(Set(84, 514),345096)
(Set(84, 516, 171, 8, 122),345089)
(Set(422, 49),345029)
(Set(122, 49, 379, 60),345015)
(Set(124, 49, 516, 171, 8, 51),344948)
(Set(8, 60, 49, 878),344937)
(Set(51, 150),344911)
(Set(122, 49, 20, 124),344889)
(Set(121, 124, 84, 516),344885)
(Set(514, 51, 121),344854)
(Set(516, 146, 49, 124),344833)
(Set(308, 49, 516, 8, 122),344832)
(Set(124, 49, 516, 171, 8, 51, 122),344777)
(Set(49, 142, 8, 122),344726)
(Set(121, 84, 124, 516, 122),344716)
(Set(514, 124, 122, 51),344714)
(Set(8, 448, 122),344704)
(Set(8, 122, 476, 171),344620)
(Set(514, 51, 122, 121),344612)
(Set(124, 51, 49, 84),344482)
(Set(514, 146, 122),344418)
(Set(81, 121, 516, 49),344402)
(Set(878, 60, 49, 8, 122),344237)
(Set(6, 122, 124),344203)
(Set(121, 49, 81, 516, 122),344194)
(Set(84, 514, 122),344152)
(Set(121, 124, 878),344072)
(Set(84, 49, 516, 60),344042)
(Set(122, 49, 8, 863),343992)
(Set(22, 146, 8, 49),343928)
(Set(84, 60, 8, 124),343928)
(Set(8, 308, 51),343922)
(Set(516, 379, 51, 49),343886)
(Set(84, 60, 121, 49),343857)
(Set(308, 124, 49, 8, 122),343840)
(Set(121, 469),343827)
(Set(878, 124, 49, 8, 51),343749)
(Set(49, 516, 158, 8, 122),343733)
(Set(84, 124, 49, 51, 122),343697)
(Set(121, 124, 122, 878),343680)
(Set(49, 471),343660)
(Set(121, 84, 60, 49, 122),343633)
(Set(121, 124, 22, 49, 8),343611)
(Set(121, 469, 122),343570)
(Set(379, 49, 516, 51, 122),343545)
(Set(124, 49, 516, 146, 122),343473)
(Set(1, 8, 171),343454)
(Set(49, 379, 8, 60),343423)
(Set(121, 49, 81, 516, 8),343420)
(Set(149, 49, 516, 8, 122),343407)
(Set(878, 124, 49, 8, 51, 122),343393)
(Set(121, 84, 124, 516, 8),343387)
(Set(121, 124, 22, 49, 8, 122),343369)
(Set(84, 60, 49, 516, 122),343277)
(Set(121, 84, 124, 516, 8, 122),343267)
(Set(121, 49, 81, 516, 8, 122),343234)
(Set(8, 514, 121, 51),343167)
(Set(84, 60, 124, 8, 122),343106)
(Set(379, 49, 516, 8, 51),343021)
(Set(379, 60, 49, 8, 122),342997)
(Set(121, 514, 8, 51, 122),342981)
(Set(121, 124, 379),342795)
(Set(514, 124, 8, 51),342781)
(Set(379, 49, 516, 8, 51, 122),342740)
(Set(122, 49, 509),342684)
(Set(511, 49, 51),342609)
(Set(122, 49, 471),342601)
(Set(121, 124, 122, 379),342469)
(Set(514, 124, 8, 51, 122),342454)
(Set(511, 49, 51, 122),342411)
(Set(121, 469, 8),342408)
(Set(22, 49, 8, 146, 122),342380)
(Set(124, 149, 49),342257)
(Set(158, 878),342200)
(Set(121, 469, 8, 122),342196)
(Set(124, 49, 20, 8),342187)
(Set(171, 524, 122),342164)
(Set(121, 84, 60, 49, 8),342139)
(Set(8, 51, 20),342130)
(Set(171, 121, 84),342078)
(Set(516, 150, 49),342077)
(Set(84, 60, 49, 516, 8),342062)
(Set(81, 516, 51),342036)
(Set(406, 49, 8),341979)
(Set(121, 84, 60, 49, 8, 122),341962)
(Set(171, 422, 122),341835)
(Set(20, 124, 49, 8, 122),341824)
(Set(9, 124),341821)
(Set(514, 516, 60),341808)
(Set(84, 60, 49, 516, 8, 122),341779)
(Set(171, 121, 122, 84),341724)
(Set(8, 122, 20, 51),341699)
(Set(84, 124, 49, 8, 51),341695)
(Set(81, 516, 122, 51),341582)
(Set(81, 49, 60),341513)
(Set(49, 379, 51, 124),341491)
(Set(84, 124, 49, 8, 51, 122),341460)
(Set(6, 8, 124),341314)
(Set(8, 514, 84),341308)
(Set(379, 878),341307)
(Set(514, 516, 60, 122),341304)
(Set(84, 124, 171),341231)
(Set(379, 124, 49, 51, 122),341213)
(Set(8, 308, 51, 122),341174)
(Set(511, 49, 51, 8),341149)
(Set(84, 8, 146),341128)
(Set(8, 379, 124, 121),341080)
(Set(121, 60, 124, 49, 51),341043)
(Set(511, 49, 8, 51, 122),340990)
(Set(121, 124, 878, 8),340961)
(Set(121, 60, 124, 49, 51, 122),340961)
(Set(22, 49, 516, 51),340911)
(Set(516, 123),340846)
(Set(379, 121, 124, 8, 122),340834)
(Set(81, 8, 51, 516),340800)
(Set(516, 49, 124, 81),340739)
(Set(124, 49, 516, 8, 146),340714)
(Set(122, 149, 51),340700)
(Set(8, 514, 84, 122),340662)
(Set(878, 121, 124, 8, 122),340659)
(Set(516, 878, 171),340651)
(Set(1, 8, 171, 122),340615)
(Set(22, 49, 516, 51, 122),340566)
(Set(122, 149, 171),340559)
(Set(81, 49, 60, 122),340543)
(Set(6, 121),340524)
(Set(124, 524, 8),340505)
(Set(6, 8, 124, 122),340504)
(Set(516, 123, 122),340429)
(Set(81, 516, 8, 51, 122),340406)
(Set(171, 49, 51, 60),340370)
(Set(379, 124, 49, 8, 51),340342)
(Set(444),340331)
(Set(873),340235)
(Set(8, 514, 60, 516),340175)
(Set(84, 122, 171, 124),340159)
(Set(121, 60, 124, 49, 8, 51),340138)
(Set(379, 124, 49, 8, 51, 122),340136)
(Set(60, 49, 171, 51, 122),340125)
(Set(122, 72, 8),340111)
(Set(6, 122, 121),340078)
(Set(121, 60, 124, 49, 8, 51, 122),340071)
(Set(124, 49, 81, 516, 122),339985)
(Set(124, 49, 516, 8, 146, 122),339947)
(Set(338, 122),339943)
(Set(124, 51, 121, 171),339937)
(Set(8, 220, 49),339921)
(Set(406, 49, 8, 122),339847)
(Set(514, 60, 516, 8, 122),339794)
(Set(121, 124, 171, 51, 122),339787)
(Set(516, 603),339764)
(Set(1051, 516),339737)
(Set(22, 49, 516, 8, 51),339706)
(Set(171, 516, 60, 121),339608)
(Set(14, 49),339552)
(Set(8, 49, 471),339512)
(Set(485),339511)
(Set(84, 121, 8, 171),339497)
(Set(121, 60, 516, 171, 122),339444)
(Set(22, 49, 516, 8, 51, 122),339407)
(Set(124, 49, 81, 516, 8),339321)
(Set(171, 308, 122),339286)
(Set(121, 84, 171, 8, 122),339247)
(Set(124, 60, 146),339244)
(Set(122, 49, 51, 158),339130)
(Set(81, 49, 60, 8),339084)
(Set(20, 60),339047)
(Set(60, 49, 171, 8, 51),339026)
(Set(121, 123),338886)
(Set(122, 49, 471, 8),338813)
(Set(60, 49, 171, 8, 51, 122),338806)
(Set(6, 51),338805)
(Set(122, 49, 509, 8),338801)
(Set(122, 857),338735)
(Set(124, 49, 81, 516, 8, 122),338664)
(Set(121, 60, 516, 171, 8),338576)
(Set(121, 124, 171, 8, 51),338575)
(Set(22, 121, 51),338550)
(Set(8, 516, 123),338532)
(Set(122, 49, 14),338500)
(Set(121, 122, 123),338492)
(Set(8, 514, 146),338486)
(Set(121, 124, 171, 8, 51, 122),338446)
(Set(121, 60, 516, 171, 8, 122),338436)
