(Set(36, 90, 59),4128)
(Set(85, 36, 90, 59),4128)
(Set(63, 59),4156)
(Set(63, 85, 59),4156)
(Set(63, 36),4184)
(Set(63, 85, 36),4184)
(Set(2),4208)
(Set(34, 85, 86, 24, 90),4208)
(Set(34, 86, 24, 90),4208)
(Set(39, 90, 36),4208)
(Set(85, 2),4208)
(Set(85, 39, 90, 36),4208)
(Set(85, 86, 24, 90),4208)
(Set(86, 24, 90),4208)
(Set(34, 24, 90),4216)
(Set(34, 85, 24, 90),4216)
(Set(34, 36, 59),4232)
(Set(34, 85, 36, 59),4232)
(Set(34, 85, 86, 36, 59),4232)
(Set(34, 86, 36, 59),4232)
(Set(85, 86, 36, 59),4232)
(Set(86, 36, 59),4232)
(Set(63, 34, 85, 86, 90),4304)
(Set(63, 34, 85, 90),4304)
(Set(63, 34, 86, 90),4304)
(Set(63, 34, 90),4304)
(Set(63, 85, 86, 90),4304)
(Set(63, 86, 90),4304)
(Set(34, 39, 36),4346)
(Set(34, 85, 39, 36),4346)
(Set(34, 85, 86, 39, 36),4346)
(Set(34, 86, 39, 36),4346)
(Set(85, 86, 39, 36),4364)
(Set(86, 39, 36),4364)
(Set(34, 76),4384)
(Set(34, 85, 76),4384)
(Set(34, 85, 86, 76),4384)
(Set(34, 86, 76),4384)
(Set(76),4384)
(Set(85, 76),4384)
(Set(85, 86, 76),4384)
(Set(86, 76),4384)
(Set(24, 90),4408)
(Set(85, 24, 90),4408)
(Set(36, 59),4424)
(Set(85, 36, 59),4424)
(Set(34, 67),4464)
(Set(34, 67, 86),4464)
(Set(34, 85, 67),4464)
(Set(34, 85, 67, 86),4464)
(Set(67),4464)
(Set(67, 85),4464)
(Set(67, 85, 86),4464)
(Set(67, 86),4464)
(Set(63, 85, 90),4496)
(Set(63, 90),4496)
(Set(34, 85, 86, 24),4530)
(Set(34, 86, 24),4530)
(Set(34, 24),4538)
(Set(34, 85, 24),4538)
(Set(34, 85, 86, 90, 59),4544)
(Set(34, 85, 90, 59),4544)
(Set(34, 86, 90, 59),4544)
(Set(34, 90, 59),4544)
(Set(85, 86, 90, 59),4544)
(Set(86, 90, 59),4544)
(Set(85, 86, 24),4548)
(Set(86, 24),4548)
(Set(39, 36),4556)
(Set(85, 39, 36),4556)
(Set(34, 53),4608)
(Set(34, 53, 86),4608)
(Set(34, 53, 86, 90),4608)
(Set(34, 53, 90),4608)
(Set(34, 85, 53),4608)
(Set(34, 85, 53, 86),4608)
(Set(34, 85, 53, 86, 90),4608)
(Set(34, 85, 53, 90),4608)
(Set(53),4608)
(Set(53, 86),4608)
(Set(53, 86, 90),4608)
(Set(53, 90),4608)
(Set(85, 53),4608)
(Set(85, 53, 86),4608)
(Set(85, 53, 86, 90),4608)
(Set(85, 53, 90),4608)
(Set(85, 90, 59),4736)
(Set(90, 59),4736)
(Set(63, 34),4744)
(Set(63, 34, 85),4744)
(Set(63, 34, 85, 86),4744)
(Set(63, 34, 86),4744)
(Set(63, 85, 86),4744)
(Set(63, 86),4744)
(Set(24),4748)
(Set(85, 24),4748)
(Set(34, 39, 90),4784)
(Set(34, 85, 39, 90),4784)
(Set(34, 85, 86, 39, 90),4784)
(Set(34, 86, 39, 90),4784)
(Set(85, 86, 39, 90),4784)
(Set(86, 39, 90),4784)
(Set(63),4936)
(Set(63, 85),4936)
(Set(39, 90),4976)
(Set(85, 39, 90),4976)
(Set(34, 59),4984)
(Set(34, 85, 59),4984)
(Set(34, 85, 86, 59),4984)
(Set(34, 86, 59),4984)
(Set(85, 86, 59),4984)
(Set(86, 59),4984)
(Set(59),5176)
(Set(85, 59),5176)
(Set(34, 39),5402)
(Set(34, 85, 39),5402)
(Set(34, 85, 86, 39),5402)
(Set(34, 86, 39),5402)
(Set(85, 86, 39),5420)
(Set(86, 39),5420)
(Set(39),5612)
(Set(85, 39),5612)
(Set(34, 36, 90),6272)
(Set(34, 85, 36, 90),6272)
(Set(34, 85, 86, 36, 90),6272)
(Set(34, 86, 36, 90),6272)
(Set(85, 86, 36, 90),6272)
(Set(86, 36, 90),6272)
(Set(36, 90),6464)
(Set(85, 36, 90),6464)
(Set(34, 36),6602)
(Set(34, 85, 36),6602)
(Set(34, 85, 86, 36),6602)
(Set(34, 86, 36),6602)
(Set(85, 86, 36),6620)
(Set(86, 36),6620)
(Set(36),6812)
(Set(85, 36),6812)
(Set(34, 85, 86, 90),7288)
(Set(34, 86, 90),7288)
(Set(85, 86, 90),7288)
(Set(86, 90),7288)
(Set(34, 85, 90),7296)
(Set(34, 90),7296)
(Set(85, 90),7488)
(Set(90),7488)
(Set(34, 85, 86),7906)
(Set(34, 86),7906)
(Set(34),7914)
(Set(34, 85),7914)
(Set(85, 86),7924)
(Set(86),7924)
(Set(85),8124)
