(Set(85),8124)
(Set(86),7924)
(Set(85, 86),7924)
(Set(34),7914)
(Set(85, 34),7914)
(Set(86, 34),7906)
(Set(85, 86, 34),7906)
(Set(90),7488)
(Set(85, 90),7488)
(Set(90, 34),7296)
(Set(85, 90, 34),7296)
(Set(86, 90),7288)
(Set(86, 90, 85),7288)
(Set(86, 90, 34),7288)
(Set(86, 90, 85, 34),7288)
(Set(36),6812)
(Set(85, 36),6812)
(Set(86, 36),6620)
(Set(85, 36, 86),6620)
(Set(34, 36),6602)
(Set(34, 36, 86),6602)
(Set(85, 36, 34),6602)
(Set(85, 36, 86, 34),6602)
(Set(90, 36),6464)
(Set(90, 36, 85),6464)
(Set(90, 36, 34),6272)
(Set(90, 36, 86),6272)
(Set(85, 90, 34, 36),6272)
(Set(34, 36, 86, 90),6272)
(Set(85, 36, 86, 90),6272)
(Set(85, 34, 86, 36, 90),6272)
(Set(39),5612)
(Set(85, 39),5612)
(Set(86, 39),5420)
(Set(85, 39, 86),5420)
(Set(34, 39),5402)
(Set(34, 39, 85),5402)
(Set(34, 39, 86),5402)
(Set(34, 39, 85, 86),5402)
(Set(59),5176)
(Set(85, 59),5176)
(Set(86, 59),4984)
(Set(34, 59),4984)
(Set(86, 59, 85),4984)
(Set(34, 59, 85),4984)
(Set(86, 59, 34),4984)
(Set(86, 59, 85, 34),4984)
(Set(90, 39),4976)
(Set(90, 39, 85),4976)
(Set(63),4936)
(Set(85, 63),4936)
(Set(90, 39, 86),4784)
(Set(90, 39, 34),4784)
(Set(90, 39, 86, 34),4784)
(Set(34, 39, 85, 90),4784)
(Set(90, 39, 86, 85),4784)
(Set(85, 34, 86, 39, 90),4784)
(Set(24),4748)
(Set(85, 24),4748)
(Set(86, 63),4744)
(Set(34, 63),4744)
(Set(85, 63, 34),4744)
(Set(86, 63, 34),4744)
(Set(85, 63, 86),4744)
(Set(85, 63, 34, 86),4744)
(Set(90, 59),4736)
(Set(90, 59, 85),4736)
(Set(53),4608)
(Set(34, 53),4608)
(Set(85, 53),4608)
(Set(86, 53),4608)
(Set(90, 53),4608)
(Set(34, 53, 85),4608)
(Set(86, 53, 90),4608)
(Set(34, 53, 90),4608)
(Set(85, 53, 86),4608)
(Set(34, 53, 86),4608)
(Set(85, 53, 90),4608)
(Set(34, 53, 85, 90),4608)
(Set(34, 53, 85, 86),4608)
(Set(86, 53, 90, 34),4608)
(Set(86, 53, 90, 85),4608)
(Set(85, 53, 34, 86, 90),4608)
(Set(36, 39),4556)
(Set(85, 36, 39),4556)
(Set(86, 24),4548)
(Set(86, 24, 85),4548)
(Set(86, 59, 90),4544)
(Set(90, 59, 34),4544)
(Set(34, 59, 85, 90),4544)
(Set(86, 59, 85, 90),4544)
(Set(86, 59, 90, 34),4544)
(Set(85, 34, 59, 86, 90),4544)
(Set(24, 34),4538)
(Set(24, 34, 85),4538)
(Set(24, 34, 86),4530)
(Set(24, 34, 86, 85),4530)
(Set(90, 63),4496)
(Set(85, 63, 90),4496)
(Set(67),4464)
(Set(85, 67),4464)
(Set(86, 67),4464)
(Set(34, 67),4464)
(Set(86, 67, 34),4464)
(Set(85, 67, 86),4464)
(Set(85, 67, 34),4464)
(Set(86, 67, 34, 85),4464)
(Set(36, 59),4424)
(Set(85, 36, 59),4424)
(Set(90, 24),4408)
(Set(85, 90, 24),4408)
(Set(76),4384)
(Set(85, 76),4384)
(Set(34, 76),4384)
(Set(86, 76),4384)
(Set(34, 76, 86),4384)
(Set(85, 76, 34),4384)
(Set(85, 76, 86),4384)
(Set(34, 76, 86, 85),4384)
(Set(36, 39, 86),4364)
(Set(85, 36, 86, 39),4364)
(Set(34, 39, 36),4346)
(Set(34, 39, 36, 86),4346)
(Set(34, 39, 85, 36),4346)
(Set(85, 34, 86, 39, 36),4346)
(Set(90, 63, 34),4304)
(Set(90, 63, 86),4304)
(Set(85, 63, 34, 90),4304)
(Set(86, 90, 85, 63),4304)
(Set(90, 63, 34, 86),4304)
(Set(85, 34, 86, 63, 90),4304)
(Set(36, 59, 34),4232)
(Set(86, 59, 36),4232)
(Set(86, 59, 34, 36),4232)
(Set(34, 59, 85, 36),4232)
(Set(86, 59, 85, 36),4232)
(Set(85, 34, 59, 86, 36),4232)
(Set(24, 34, 90),4216)
(Set(24, 34, 90, 85),4216)
(Set(2),4208)
(Set(2, 85),4208)
(Set(90, 36, 39),4208)
(Set(86, 90, 24),4208)
(Set(90, 39, 85, 36),4208)
(Set(86, 24, 85, 90),4208)
(Set(24, 34, 86, 90),4208)
(Set(24, 85, 34, 86, 90),4208)
(Set(36, 63),4184)
(Set(85, 63, 36),4184)
(Set(59, 63),4156)
(Set(85, 63, 59),4156)
(Set(90, 36, 59),4128)
(Set(85, 36, 59, 90),4128)
(Set(110),4040)
(Set(85, 110),4040)
(Set(2, 86),4016)
(Set(2, 34),4016)
(Set(2, 85, 86),4016)
(Set(2, 85, 34),4016)
(Set(2, 86, 34),4016)
(Set(34, 39, 36, 90),4016)
(Set(2, 85, 86, 34),4016)
(Set(90, 39, 86, 36),4016)
(Set(85, 34, 39, 36, 90),4016)
(Set(85, 86, 39, 36, 90),4016)
(Set(34, 86, 39, 36, 90),4016)
(Set(85, 34, 86, 39, 36, 90),4016)
(Set(36, 63, 34),3992)
(Set(36, 63, 86),3992)
(Set(85, 63, 34, 36),3992)
(Set(36, 63, 34, 86),3992)
(Set(85, 63, 36, 86),3992)
(Set(85, 34, 86, 63, 36),3992)
(Set(90, 67),3976)
(Set(85, 67, 90),3976)
(Set(90, 67, 86),3976)
(Set(90, 67, 34),3976)
(Set(85, 67, 90, 86),3976)
(Set(85, 67, 90, 34),3976)
(Set(86, 67, 34, 90),3976)
(Set(85, 34, 86, 67, 90),3976)
(Set(93),3968)
(Set(85, 93),3968)
(Set(86, 59, 63),3964)
(Set(34, 59, 63),3964)
(Set(86, 59, 34, 63),3964)
(Set(86, 59, 85, 63),3964)
(Set(85, 63, 34, 59),3964)
(Set(85, 34, 59, 86, 63),3964)
(Set(90, 110),3952)
(Set(90, 110, 85),3952)
(Set(110, 34),3944)
(Set(86, 110),3944)
(Set(110, 34, 85),3944)
(Set(110, 34, 86),3944)
(Set(86, 110, 85),3944)
(Set(110, 34, 85, 86),3944)
(Set(86, 59, 90, 36),3936)
(Set(90, 36, 59, 34),3936)
(Set(34, 59, 86, 36, 90),3936)
(Set(85, 59, 86, 36, 90),3936)
(Set(85, 34, 59, 36, 90),3936)
(Set(85, 34, 59, 86, 36, 90),3936)
(Set(2, 39),3920)
(Set(2, 85, 39),3920)
(Set(1),3916)
(Set(1, 85),3916)
(Set(1, 86),3908)
(Set(1, 85, 86),3908)
(Set(1, 34),3898)
(Set(1, 85, 34),3898)
(Set(90, 76),3896)
(Set(86, 90, 76),3896)
(Set(34, 76, 90),3896)
(Set(85, 76, 90),3896)
(Set(85, 76, 34, 90),3896)
(Set(86, 90, 76, 34),3896)
(Set(86, 90, 76, 85),3896)
(Set(85, 34, 86, 76, 90),3896)
(Set(86, 34, 1),3890)
(Set(86, 34, 1, 85),3890)
(Set(90, 36, 63),3888)
(Set(90, 36, 63, 85),3888)
(Set(86, 110, 90),3856)
(Set(110, 34, 90),3856)
(Set(86, 110, 90, 34),3856)
(Set(110, 34, 85, 90),3856)
(Set(86, 90, 85, 110),3856)
(Set(110, 85, 34, 86, 90),3856)
(Set(110, 36),3848)
(Set(110, 36, 85),3848)
(Set(1, 90),3808)
(Set(90, 34, 1),3808)
(Set(1, 85, 90),3808)
(Set(85, 90, 34, 1),3808)
(Set(1, 36),3804)
(Set(1, 85, 36),3804)
(Set(1, 36, 86),3804)
(Set(85, 36, 86, 1),3804)
(Set(86, 90, 1),3800)
(Set(86, 90, 85, 1),3800)
(Set(86, 34, 1, 90),3800)
(Set(1, 85, 34, 86, 90),3800)
(Set(90, 59, 63),3788)
(Set(90, 59, 63, 85),3788)
(Set(1, 36, 34),3786)
(Set(86, 34, 1, 36),3786)
(Set(1, 85, 36, 34),3786)
(Set(1, 85, 34, 86, 36),3786)
(Set(56),3776)
(Set(85, 56),3776)
(Set(34, 56),3776)
(Set(86, 56),3776)
(Set(93, 34),3776)
(Set(86, 93),3776)
(Set(85, 93, 86),3776)
(Set(85, 56, 86),3776)
(Set(93, 34, 86),3776)
(Set(85, 93, 34),3776)
(Set(34, 56, 86),3776)
(Set(85, 56, 34),3776)
(Set(85, 93, 86, 34),3776)
(Set(85, 56, 86, 34),3776)
(Set(90, 36, 110),3760)
(Set(90, 36, 110, 85),3760)
(Set(110, 34, 36),3752)
(Set(86, 110, 36),3752)
(Set(110, 34, 36, 86),3752)
(Set(110, 34, 36, 85),3752)
(Set(85, 36, 86, 110),3752)
(Set(110, 85, 34, 86, 36),3752)
(Set(36, 53),3744)
(Set(36, 53, 85),3744)
(Set(36, 53, 86),3744)
(Set(34, 53, 36),3744)
(Set(90, 36, 53),3744)
(Set(34, 53, 90, 36),3744)
(Set(36, 53, 86, 34),3744)
(Set(36, 53, 85, 86),3744)
(Set(36, 53, 85, 34),3744)
(Set(86, 53, 90, 36),3744)
(Set(36, 53, 85, 90),3744)
(Set(85, 53, 34, 86, 36),3744)
(Set(85, 53, 86, 36, 90),3744)
(Set(85, 53, 34, 36, 90),3744)
(Set(53, 34, 86, 36, 90),3744)
(Set(85, 53, 34, 86, 36, 90),3744)
(Set(2, 86, 39),3728)
(Set(34, 39, 2),3728)
(Set(2, 86, 39, 85),3728)
(Set(2, 86, 39, 34),3728)
(Set(34, 39, 85, 2),3728)
(Set(85, 2, 34, 86, 39),3728)
(Set(90, 36, 1),3696)
(Set(1, 85, 36, 90),3696)
(Set(90, 36, 63, 86),3696)
(Set(36, 63, 34, 90),3696)
(Set(90, 36, 1, 34),3696)
(Set(90, 36, 1, 86),3696)
(Set(1, 85, 86, 36, 90),3696)
(Set(1, 34, 86, 36, 90),3696)
(Set(85, 34, 63, 36, 90),3696)
(Set(1, 85, 34, 36, 90),3696)
(Set(34, 86, 63, 36, 90),3696)
(Set(85, 86, 63, 36, 90),3696)
(Set(1, 85, 34, 86, 36, 90),3696)
(Set(85, 34, 86, 63, 36, 90),3696)
(Set(2, 90),3680)
(Set(36, 63, 59),3680)
(Set(2, 90, 85),3680)
(Set(85, 36, 59, 63),3680)
(Set(93, 59),3664)
(Set(85, 93, 59),3664)
(Set(90, 36, 110, 86),3664)
(Set(110, 34, 36, 90),3664)
(Set(110, 85, 86, 36, 90),3664)
(Set(110, 34, 86, 36, 90),3664)
(Set(110, 85, 34, 36, 90),3664)
(Set(110, 85, 34, 86, 36, 90),3664)
(Set(3),3656)
(Set(90, 56),3656)
(Set(3, 85),3656)
(Set(85, 56, 90),3656)
(Set(90, 56, 34),3656)
(Set(90, 56, 86),3656)
(Set(85, 56, 90, 34),3656)
(Set(85, 56, 90, 86),3656)
(Set(90, 56, 34, 86),3656)
(Set(56, 85, 34, 86, 90),3656)
(Set(2, 59),3640)
(Set(2, 85, 59),3640)
(Set(3, 86),3608)
(Set(3, 86, 85),3608)
(Set(3, 34),3602)
(Set(3, 86, 34),3602)
(Set(85, 34, 3),3602)
(Set(3, 86, 34, 85),3602)
(Set(90, 63, 34, 59),3596)
(Set(86, 59, 90, 63),3596)
(Set(34, 59, 86, 63, 90),3596)
(Set(85, 34, 59, 63, 90),3596)
(Set(85, 59, 86, 63, 90),3596)
(Set(85, 34, 59, 86, 63, 90),3596)
(Set(39, 59),3592)
(Set(85, 59, 39),3592)
(Set(90, 93),3560)
(Set(85, 93, 90),3560)
(Set(24, 36),3540)
(Set(24, 36, 85),3540)
(Set(28),3528)
(Set(85, 28),3528)
(Set(36, 56),3528)
(Set(86, 56, 36),3528)
(Set(85, 56, 36),3528)
(Set(34, 56, 36),3528)
(Set(86, 56, 36, 34),3528)
(Set(85, 56, 36, 34),3528)
(Set(86, 56, 36, 85),3528)
(Set(56, 85, 34, 86, 36),3528)
(Set(67, 76),3520)
(Set(34, 76, 67),3520)
(Set(67, 76, 86),3520)
(Set(85, 67, 76),3520)
(Set(34, 76, 67, 85),3520)
(Set(85, 67, 86, 76),3520)
(Set(86, 67, 34, 76),3520)
(Set(85, 34, 86, 76, 67),3520)
(Set(52),3516)
(Set(85, 52),3516)
(Set(24, 36, 90),3488)
(Set(2, 90, 86),3488)
(Set(2, 90, 34),3488)
(Set(86, 59, 36, 63),3488)
(Set(2, 90, 34, 85),3488)
(Set(2, 90, 86, 34),3488)
(Set(2, 85, 86, 90),3488)
(Set(24, 36, 90, 85),3488)
(Set(36, 63, 34, 59),3488)
(Set(85, 2, 34, 86, 90),3488)
(Set(85, 34, 59, 63, 36),3488)
(Set(85, 59, 86, 63, 36),3488)
(Set(34, 59, 86, 63, 36),3488)
(Set(85, 34, 59, 86, 63, 36),3488)
(Set(93, 36),3480)
(Set(85, 93, 36),3480)
(Set(93, 63),3472)
(Set(93, 59, 34),3472)
(Set(85, 93, 63),3472)
(Set(86, 59, 93),3472)
(Set(86, 59, 85, 93),3472)
(Set(93, 59, 34, 86),3472)
(Set(93, 59, 34, 85),3472)
(Set(93, 85, 34, 59, 86),3472)
(Set(3, 90),3464)
(Set(3, 90, 85),3464)
(Set(34, 59, 2),3448)
(Set(86, 59, 2),3448)
(Set(34, 59, 2, 86),3448)
(Set(86, 59, 85, 2),3448)
(Set(34, 59, 2, 85),3448)
(Set(85, 2, 34, 59, 86),3448)
(Set(39, 56),3432)
(Set(34, 56, 39),3432)
(Set(86, 56, 39),3432)
(Set(36, 39, 56),3432)
(Set(85, 56, 39),3432)
(Set(34, 39, 85, 56),3432)
(Set(34, 56, 39, 36),3432)
(Set(85, 36, 39, 56),3432)
(Set(85, 56, 86, 39),3432)
(Set(34, 56, 39, 86),3432)
(Set(86, 56, 36, 39),3432)
(Set(56, 34, 86, 39, 36),3432)
(Set(56, 85, 86, 39, 36),3432)
(Set(56, 85, 34, 39, 36),3432)
(Set(56, 85, 34, 86, 39),3432)
(Set(56, 85, 34, 86, 39, 36),3432)
(Set(3, 86, 90),3416)
(Set(3, 90, 34),3416)
(Set(90, 59, 93),3416)
(Set(3, 86, 90, 85),3416)
(Set(3, 90, 34, 85),3416)
(Set(85, 93, 90, 59),3416)
(Set(3, 86, 90, 34),3416)
(Set(85, 34, 86, 3, 90),3416)
(Set(2, 28),3408)
(Set(90, 36, 56),3408)
(Set(85, 28, 2),3408)
(Set(90, 36, 56, 34),3408)
(Set(85, 56, 90, 36),3408)
(Set(86, 56, 36, 90),3408)
(Set(56, 85, 86, 36, 90),3408)
(Set(56, 34, 86, 36, 90),3408)
(Set(56, 85, 34, 36, 90),3408)
(Set(56, 85, 34, 86, 36, 90),3408)
(Set(2, 63),3400)
(Set(39, 63),3400)
(Set(86, 59, 39),3400)
(Set(85, 63, 39),3400)
(Set(2, 63, 85),3400)
(Set(34, 39, 59),3400)
(Set(86, 59, 34, 39),3400)
(Set(34, 59, 85, 39),3400)
(Set(86, 59, 85, 39),3400)
(Set(85, 34, 59, 86, 39),3400)
(Set(90, 39, 2),3392)
(Set(90, 39, 85, 2),3392)
(Set(90, 36, 63, 59),3384)
(Set(85, 59, 63, 36, 90),3384)
(Set(23),3376)
(Set(23, 34),3376)
(Set(85, 23),3376)
(Set(86, 23),3376)
(Set(23, 34, 86),3376)
(Set(85, 23, 86),3376)
(Set(23, 34, 85),3376)
(Set(39, 59, 2),3376)
(Set(2, 85, 59, 39),3376)
(Set(23, 34, 86, 85),3376)
(Set(93, 34, 90),3368)
(Set(86, 90, 93),3368)
(Set(85, 93, 90, 86),3368)
(Set(93, 34, 90, 86),3368)
(Set(85, 93, 90, 34),3368)
(Set(93, 85, 34, 86, 90),3368)
(Set(90, 36, 93),3360)
(Set(85, 93, 90, 36),3360)
(Set(24, 36, 86),3348)
(Set(85, 36, 86, 24),3348)
(Set(28, 34),3336)
(Set(85, 28, 34),3336)
(Set(24, 36, 34),3330)
(Set(24, 34, 86, 36),3330)
(Set(85, 36, 34, 24),3330)
(Set(24, 85, 34, 86, 36),3330)
(Set(86, 28),3328)
(Set(93, 59, 63),3328)
(Set(85, 28, 86),3328)
(Set(28, 34, 86),3328)
(Set(85, 93, 59, 63),3328)
(Set(85, 86, 34, 28),3328)
(Set(93, 39),3320)
(Set(85, 93, 39),3320)
(Set(93, 59, 36),3320)
(Set(85, 36, 59, 93),3320)
(Set(86, 52),3316)
(Set(85, 52, 86),3316)
(Set(90, 56, 39),3312)
(Set(85, 56, 90, 39),3312)
(Set(90, 36, 39, 56),3312)
(Set(90, 39, 86, 56),3312)
(Set(34, 56, 39, 90),3312)
(Set(56, 85, 34, 39, 90),3312)
(Set(56, 34, 39, 36, 90),3312)
(Set(56, 85, 86, 39, 90),3312)
(Set(56, 86, 39, 36, 90),3312)
(Set(56, 34, 86, 39, 90),3312)
(Set(56, 85, 39, 36, 90),3312)
(Set(56, 85, 34, 39, 36, 90),3312)
(Set(56, 85, 86, 39, 36, 90),3312)
(Set(56, 85, 34, 86, 39, 90),3312)
(Set(56, 34, 86, 39, 36, 90),3312)
(Set(56, 85, 34, 86, 39, 36, 90),3312)
(Set(34, 52),3306)
(Set(85, 52, 34),3306)
(Set(59, 67),3304)
(Set(59, 67, 86),3304)
(Set(59, 67, 34),3304)
(Set(59, 67, 85),3304)
(Set(86, 59, 85, 67),3304)
(Set(34, 59, 85, 67),3304)
(Set(86, 67, 34, 59),3304)
(Set(85, 34, 59, 86, 67),3304)
(Set(34, 52, 86),3298)
(Set(85, 86, 34, 52),3298)
(Set(24, 34, 90, 36),3296)
(Set(24, 36, 90, 86),3296)
(Set(24, 85, 34, 36, 90),3296)
(Set(24, 34, 86, 36, 90),3296)
(Set(24, 85, 86, 36, 90),3296)
(Set(24, 85, 34, 86, 36, 90),3296)
(Set(1, 24),3292)
(Set(1, 85, 24),3292)
(Set(28, 39),3288)
(Set(85, 28, 39),3288)
(Set(93, 34, 36),3288)
(Set(86, 93, 36),3288)
(Set(85, 93, 86, 36),3288)
(Set(93, 34, 36, 86),3288)
(Set(93, 34, 36, 85),3288)
(Set(93, 85, 34, 86, 36),3288)
(Set(86, 24, 1),3284)
(Set(86, 24, 1, 85),3284)
(Set(59, 76),3280)
(Set(85, 76, 59),3280)
(Set(86, 93, 63),3280)
(Set(93, 34, 63),3280)
(Set(34, 76, 59),3280)
(Set(86, 59, 76),3280)
(Set(34, 59, 85, 76),3280)
(Set(86, 93, 63, 34),3280)
(Set(85, 93, 86, 63),3280)
(Set(85, 63, 34, 93),3280)
(Set(86, 59, 34, 76),3280)
(Set(86, 59, 85, 76),3280)
(Set(93, 85, 34, 86, 63),3280)
(Set(85, 34, 59, 86, 76),3280)
(Set(24, 34, 1),3274)
(Set(1, 85, 24, 34),3274)
(Set(23, 36),3272)
(Set(90, 59, 2),3272)
(Set(23, 36, 85),3272)
(Set(23, 36, 86),3272)
(Set(23, 34, 36),3272)
(Set(23, 34, 86, 36),3272)
(Set(90, 59, 2, 85),3272)
(Set(23, 36, 85, 34),3272)
(Set(85, 36, 86, 23),3272)
(Set(85, 34, 86, 23, 36),3272)
(Set(24, 34, 86, 1),3266)
(Set(24, 1, 85, 34, 86),3266)
(Set(1, 90, 24),3256)
(Set(1, 85, 24, 90),3256)
(Set(24, 34, 90, 1),3256)
(Set(24, 1, 85, 34, 90),3256)
(Set(86, 24, 1, 90),3248)
(Set(24, 1, 34, 86, 90),3248)
(Set(24, 1, 85, 86, 90),3248)
(Set(24, 1, 85, 34, 86, 90),3248)
(Set(10),3244)
(Set(85, 10),3244)
(Set(86, 10),3236)
(Set(86, 10, 85),3236)
(Set(23, 59),3232)
(Set(85, 23, 59),3232)
(Set(23, 34, 59),3232)
(Set(86, 59, 23),3232)
(Set(34, 59, 85, 23),3232)
(Set(86, 59, 85, 23),3232)
(Set(23, 34, 86, 59),3232)
(Set(85, 34, 59, 86, 23),3232)
(Set(10, 34),3226)
(Set(85, 34, 10),3226)
(Set(90, 63, 93),3224)
(Set(85, 93, 90, 63),3224)
(Set(86, 59, 90, 93),3224)
(Set(93, 59, 34, 90),3224)
(Set(93, 34, 59, 86, 90),3224)
(Set(93, 85, 59, 86, 90),3224)
(Set(93, 85, 34, 59, 90),3224)
(Set(93, 85, 34, 59, 86, 90),3224)
(Set(86, 10, 34),3218)
(Set(86, 10, 85, 34),3218)
(Set(53, 59),3216)
(Set(53, 63),3216)
(Set(34, 53, 59),3216)
(Set(85, 63, 53),3216)
(Set(86, 53, 63),3216)
(Set(2, 39, 28),3216)
(Set(28, 34, 2),3216)
(Set(86, 59, 53),3216)
(Set(85, 53, 59),3216)
(Set(90, 63, 53),3216)
(Set(2, 86, 28),3216)
(Set(34, 53, 63),3216)
(Set(90, 59, 53),3216)
(Set(85, 63, 53, 86),3216)
(Set(34, 53, 59, 90),3216)
(Set(2, 39, 28, 85),3216)
(Set(85, 63, 34, 53),3216)
(Set(86, 59, 85, 53),3216)
(Set(28, 34, 2, 85),3216)
(Set(86, 59, 90, 53),3216)
(Set(90, 36, 93, 59),3216)
(Set(85, 63, 53, 90),3216)
(Set(2, 85, 86, 28),3216)
(Set(34, 53, 59, 86),3216)
(Set(85, 53, 59, 90),3216)
(Set(86, 53, 63, 90),3216)
(Set(86, 53, 63, 34),3216)
(Set(34, 53, 59, 85),3216)
(Set(28, 34, 2, 86),3216)
(Set(90, 63, 34, 53),3216)
(Set(53, 34, 86, 63, 90),3216)
(Set(93, 85, 59, 36, 90),3216)
(Set(85, 53, 59, 86, 90),3216)
(Set(85, 28, 2, 34, 86),3216)
(Set(85, 53, 34, 59, 86),3216)
(Set(85, 53, 34, 63, 90),3216)
(Set(53, 34, 59, 86, 90),3216)
(Set(85, 53, 34, 86, 63),3216)
(Set(85, 53, 34, 59, 90),3216)
(Set(85, 53, 86, 63, 90),3216)
(Set(85, 53, 34, 59, 86, 90),3216)
(Set(85, 53, 34, 86, 63, 90),3216)
(Set(10, 36),3208)
(Set(39, 63, 86),3208)
(Set(86, 10, 36),3208)
(Set(39, 63, 34),3208)
(Set(85, 36, 10),3208)
(Set(2, 63, 34),3208)
(Set(2, 63, 86),3208)
(Set(39, 63, 86, 34),3208)
(Set(2, 85, 86, 63),3208)
(Set(86, 63, 34, 2),3208)
(Set(85, 63, 34, 39),3208)
(Set(39, 63, 86, 85),3208)
(Set(85, 63, 34, 2),3208)
(Set(86, 10, 85, 36),3208)
(Set(85, 2, 34, 86, 63),3208)
(Set(85, 34, 86, 39, 63),3208)
(Set(90, 39, 86, 2),3200)
(Set(2, 90, 34, 39),3200)
(Set(85, 2, 86, 39, 90),3200)
(Set(85, 2, 34, 39, 90),3200)
(Set(2, 34, 86, 39, 90),3200)
(Set(85, 2, 34, 86, 39, 90),3200)
(Set(34, 59, 63, 36, 90),3192)
(Set(59, 86, 63, 36, 90),3192)
(Set(85, 59, 86, 63, 36, 90),3192)
(Set(85, 34, 59, 63, 36, 90),3192)
(Set(34, 59, 86, 63, 36, 90),3192)
(Set(85, 34, 59, 86, 63, 36, 90),3192)
(Set(10, 36, 34),3190)
(Set(85, 36, 10, 34),3190)
(Set(34, 36, 86, 10),3190)
(Set(10, 85, 34, 86, 36),3190)
(Set(24, 36, 1),3188)
(Set(24, 36, 1, 85),3188)
(Set(24, 36, 1, 86),3188)
(Set(24, 1, 85, 86, 36),3188)
(Set(93, 23),3184)
(Set(93, 23, 34),3184)
(Set(93, 23, 86),3184)
(Set(2, 63, 39),3184)
(Set(93, 23, 85),3184)
(Set(93, 23, 34, 86),3184)
(Set(2, 86, 39, 59),3184)
(Set(93, 23, 86, 85),3184)
(Set(34, 59, 2, 39),3184)
(Set(93, 23, 34, 85),3184)
(Set(2, 63, 39, 85),3184)
(Set(93, 85, 34, 86, 23),3184)
(Set(2, 34, 59, 86, 39),3184)
(Set(85, 2, 34, 59, 39),3184)
(Set(85, 2, 59, 86, 39),3184)
(Set(85, 2, 34, 59, 86, 39),3184)
(Set(24, 36, 1, 34),3170)
(Set(24, 1, 34, 86, 36),3170)
(Set(24, 1, 85, 34, 36),3170)
(Set(24, 1, 85, 34, 86, 36),3170)
(Set(90, 36, 93, 86),3168)
(Set(93, 34, 90, 36),3168)
(Set(93, 85, 34, 36, 90),3168)
(Set(93, 85, 86, 36, 90),3168)
(Set(93, 34, 86, 36, 90),3168)
(Set(93, 85, 34, 86, 36, 90),3168)
(Set(36, 67),3160)
(Set(85, 67, 36),3160)
(Set(36, 67, 86),3160)
(Set(36, 67, 34),3160)
(Set(85, 36, 86, 67),3160)
(Set(86, 67, 34, 36),3160)
(Set(85, 36, 34, 67),3160)
(Set(85, 34, 86, 67, 36),3160)
(Set(6),3152)
(Set(85, 6),3152)
(Set(2, 93),3152)
(Set(85, 93, 2),3152)
(Set(90, 59, 39),3152)
(Set(24, 36, 1, 90),3152)
(Set(90, 59, 93, 63),3152)
(Set(90, 39, 85, 59),3152)
(Set(24, 1, 86, 36, 90),3152)
(Set(24, 1, 34, 36, 90),3152)
(Set(93, 85, 59, 63, 90),3152)
(Set(24, 1, 85, 36, 90),3152)
(Set(24, 1, 34, 86, 36, 90),3152)
(Set(24, 1, 85, 86, 36, 90),3152)
(Set(24, 1, 85, 34, 36, 90),3152)
(Set(24, 1, 85, 34, 86, 36, 90),3152)
(Set(116),3148)
(Set(85, 116),3148)
(Set(86, 116),3148)
(Set(85, 116, 86),3148)
(Set(93, 59, 34, 63),3136)
(Set(86, 93, 63, 59),3136)
(Set(93, 85, 34, 59, 63),3136)
(Set(93, 85, 59, 86, 63),3136)
(Set(93, 34, 59, 86, 63),3136)
(Set(93, 85, 34, 59, 86, 63),3136)
(Set(34, 116),3130)
(Set(85, 116, 34),3130)
(Set(86, 116, 34),3130)
(Set(85, 116, 34, 86),3130)
(Set(36, 76),3128)
(Set(36, 76, 86),3128)
(Set(23, 36, 59),3128)
(Set(34, 76, 36),3128)
(Set(85, 76, 36),3128)
(Set(86, 93, 39),3128)
(Set(34, 39, 93),3128)
(Set(36, 63, 93),3128)
(Set(85, 23, 59, 36),3128)
(Set(93, 34, 86, 39),3128)
(Set(85, 76, 34, 36),3128)
(Set(23, 36, 59, 86),3128)
(Set(85, 93, 63, 36),3128)
(Set(36, 76, 86, 34),3128)
(Set(36, 76, 86, 85),3128)
(Set(34, 39, 85, 93),3128)
(Set(85, 93, 86, 39),3128)
(Set(93, 59, 34, 36),3128)
(Set(23, 36, 59, 34),3128)
(Set(86, 59, 36, 93),3128)
(Set(34, 59, 86, 23, 36),3128)
(Set(85, 34, 59, 23, 36),3128)
(Set(85, 34, 86, 76, 36),3128)
(Set(93, 85, 34, 86, 39),3128)
(Set(93, 85, 59, 86, 36),3128)
(Set(93, 34, 59, 86, 36),3128)
(Set(85, 59, 86, 23, 36),3128)
(Set(93, 85, 34, 59, 36),3128)
(Set(93, 85, 34, 59, 86, 36),3128)
(Set(85, 34, 59, 86, 23, 36),3128)
(Set(2, 63, 59),3124)
(Set(2, 85, 59, 63),3124)
(Set(90, 116),3104)
(Set(90, 116, 86),3104)
(Set(90, 116, 34),3104)
(Set(85, 116, 90),3104)
(Set(85, 116, 34, 90),3104)
(Set(90, 116, 86, 34),3104)
(Set(90, 116, 86, 85),3104)
(Set(116, 85, 34, 86, 90),3104)
(Set(6, 86),3102)
(Set(6, 86, 85),3102)
(Set(6, 34),3098)
(Set(85, 6, 34),3098)
(Set(86, 39, 28),3096)
(Set(28, 34, 39),3096)
(Set(6, 86, 34),3096)
(Set(34, 39, 85, 28),3096)
(Set(6, 86, 85, 34),3096)
(Set(86, 39, 28, 34),3096)
(Set(86, 39, 28, 85),3096)
(Set(85, 28, 34, 86, 39),3096)
(Set(90, 23),3080)
(Set(93, 23, 90),3080)
(Set(90, 67, 76),3080)
(Set(90, 23, 85),3080)
(Set(93, 23, 36),3080)
(Set(23, 34, 90),3080)
(Set(90, 23, 86),3080)
(Set(86, 59, 90, 2),3080)
(Set(86, 90, 85, 23),3080)
(Set(90, 67, 86, 76),3080)
(Set(23, 36, 85, 93),3080)
(Set(93, 23, 86, 36),3080)
(Set(85, 93, 90, 23),3080)
(Set(23, 34, 86, 90),3080)
(Set(93, 23, 34, 90),3080)
(Set(34, 76, 67, 90),3080)
(Set(93, 23, 90, 86),3080)
(Set(85, 67, 90, 76),3080)
(Set(34, 59, 2, 90),3080)
(Set(85, 90, 34, 23),3080)
(Set(93, 23, 34, 36),3080)
(Set(93, 85, 86, 23, 36),3080)
(Set(85, 2, 59, 86, 90),3080)
(Set(85, 2, 34, 59, 90),3080)
(Set(93, 34, 86, 23, 36),3080)
(Set(34, 86, 76, 67, 90),3080)
(Set(85, 34, 86, 23, 90),3080)
(Set(93, 34, 86, 23, 90),3080)
(Set(93, 85, 34, 23, 90),3080)
(Set(93, 85, 34, 23, 36),3080)
(Set(85, 34, 76, 67, 90),3080)
(Set(93, 85, 86, 23, 90),3080)
(Set(2, 34, 59, 86, 90),3080)
(Set(85, 86, 76, 67, 90),3080)
(Set(93, 85, 34, 86, 23, 36),3080)
(Set(85, 2, 34, 59, 86, 90),3080)
(Set(85, 34, 86, 76, 67, 90),3080)
(Set(93, 85, 34, 86, 23, 90),3080)
(Set(36, 52),3068)
(Set(85, 36, 52),3068)
(Set(63, 67),3064)
(Set(34, 63, 67),3064)
(Set(85, 67, 63),3064)
(Set(36, 59, 39),3064)
(Set(86, 63, 67),3064)
(Set(39, 63, 59),3064)
(Set(85, 63, 39, 59),3064)
(Set(85, 63, 34, 67),3064)
(Set(85, 36, 59, 39),3064)
(Set(85, 67, 86, 63),3064)
(Set(86, 67, 34, 63),3064)
(Set(85, 34, 86, 63, 67),3064)
(Set(93, 59, 36, 63),3056)
(Set(93, 85, 59, 63, 36),3056)
(Set(90, 10),3052)
(Set(90, 10, 85),3052)
(Set(90, 10, 34),3052)
(Set(90, 10, 85, 34),3052)
(Set(86, 10, 90),3044)
(Set(86, 10, 90, 85),3044)
(Set(86, 10, 90, 34),3044)
(Set(10, 85, 34, 86, 90),3044)
(Set(23, 63),3040)
(Set(63, 76),3040)
(Set(86, 63, 76),3040)
(Set(85, 76, 63),3040)
(Set(23, 34, 63),3040)
(Set(23, 63, 86),3040)
(Set(34, 76, 63),3040)
(Set(93, 23, 59),3040)
(Set(85, 63, 23),3040)
(Set(23, 63, 86, 85),3040)
(Set(93, 59, 34, 23),3040)
(Set(86, 63, 76, 85),3040)
(Set(85, 23, 59, 93),3040)
(Set(85, 63, 34, 23),3040)
(Set(93, 23, 86, 59),3040)
(Set(86, 63, 76, 34),3040)
(Set(85, 63, 34, 76),3040)
(Set(23, 34, 86, 63),3040)
(Set(85, 34, 86, 76, 63),3040)
(Set(93, 85, 59, 86, 23),3040)
(Set(93, 34, 59, 86, 23),3040)
(Set(93, 85, 34, 59, 23),3040)
(Set(85, 34, 86, 63, 23),3040)
(Set(93, 85, 34, 59, 86, 23),3040)
(Set(36, 39, 93),3032)
(Set(2, 63, 90),3032)
(Set(2, 63, 90, 85),3032)
(Set(93, 34, 90, 63),3032)
(Set(36, 39, 93, 85),3032)
(Set(86, 93, 63, 90),3032)
(Set(93, 34, 86, 63, 90),3032)
(Set(93, 85, 86, 63, 90),3032)
(Set(93, 85, 34, 63, 90),3032)
(Set(93, 85, 34, 86, 63, 90),3032)
(Set(2, 86, 39, 28),3024)
(Set(90, 36, 63, 93),3024)
(Set(2, 39, 28, 34),3024)
(Set(93, 34, 59, 36, 90),3024)
(Set(85, 28, 2, 86, 39),3024)
(Set(85, 28, 2, 34, 39),3024)
(Set(93, 59, 86, 36, 90),3024)
(Set(28, 2, 34, 86, 39),3024)
(Set(93, 85, 63, 36, 90),3024)
(Set(85, 28, 2, 34, 86, 39),3024)
(Set(93, 85, 59, 86, 36, 90),3024)
(Set(93, 85, 34, 59, 36, 90),3024)
(Set(93, 34, 59, 86, 36, 90),3024)
(Set(93, 85, 34, 59, 86, 36, 90),3024)
(Set(6, 90),3020)
(Set(85, 6, 90),3020)
(Set(23, 39),3016)
(Set(3, 36),3016)
(Set(93, 59, 39),3016)
(Set(23, 39, 34),3016)
(Set(85, 36, 3),3016)
(Set(23, 39, 85),3016)
(Set(23, 39, 36),3016)
(Set(90, 36, 10),3016)
(Set(23, 39, 86),3016)
(Set(90, 36, 10, 34),3016)
(Set(93, 59, 39, 85),3016)
(Set(23, 39, 36, 86),3016)
(Set(23, 39, 34, 36),3016)
(Set(23, 39, 85, 36),3016)
(Set(23, 39, 34, 85),3016)
(Set(23, 39, 85, 86),3016)
(Set(90, 10, 85, 36),3016)
(Set(23, 39, 34, 86),3016)
(Set(86, 10, 90, 36),3016)
(Set(10, 34, 86, 36, 90),3016)
(Set(85, 34, 86, 39, 23),3016)
(Set(10, 85, 86, 36, 90),3016)
(Set(10, 85, 34, 36, 90),3016)
(Set(85, 34, 39, 23, 36),3016)
(Set(34, 86, 39, 23, 36),3016)
(Set(85, 86, 39, 23, 36),3016)
(Set(10, 85, 34, 86, 36, 90),3016)
(Set(85, 34, 86, 39, 23, 36),3016)
(Set(2, 36),3008)
(Set(2, 36, 85),3008)
(Set(90, 59, 2, 39),3008)
(Set(85, 2, 59, 39, 90),3008)
(Set(93, 59, 2),2992)
(Set(2, 36, 59),2992)
(Set(85, 36, 59, 2),2992)
(Set(2, 63, 39, 34),2992)
(Set(93, 59, 2, 85),2992)
(Set(2, 86, 39, 63),2992)
(Set(85, 2, 34, 39, 63),2992)
(Set(85, 2, 86, 39, 63),2992)
(Set(2, 34, 86, 39, 63),2992)
(Set(85, 2, 34, 86, 39, 63),2992)
(Set(90, 36, 23),2976)
(Set(23, 36, 85, 90),2976)
(Set(90, 36, 23, 34),2976)
(Set(93, 23, 90, 36),2976)
(Set(23, 36, 86, 90),2976)
(Set(93, 86, 23, 36, 90),2976)
(Set(93, 34, 23, 36, 90),2976)
(Set(34, 86, 23, 36, 90),2976)
(Set(85, 34, 23, 36, 90),2976)
(Set(85, 86, 23, 36, 90),2976)
(Set(93, 85, 23, 36, 90),2976)
(Set(93, 34, 86, 23, 36, 90),2976)
(Set(93, 85, 34, 23, 36, 90),2976)
(Set(93, 85, 86, 23, 36, 90),2976)
(Set(85, 34, 86, 23, 36, 90),2976)
(Set(93, 85, 34, 86, 23, 36, 90),2976)
(Set(90, 34, 6),2972)
(Set(85, 6, 90, 34),2972)
(Set(6, 86, 90),2970)
(Set(85, 6, 90, 86),2970)
(Set(90, 34, 6, 86),2970)
(Set(6, 85, 34, 86, 90),2970)
(Set(23, 63, 59),2968)
(Set(3, 86, 36),2968)
(Set(23, 63, 59, 86),2968)
(Set(23, 63, 59, 34),2968)
(Set(85, 23, 59, 63),2968)
(Set(85, 36, 3, 86),2968)
(Set(34, 59, 86, 63, 23),2968)
(Set(85, 34, 59, 63, 23),2968)
(Set(85, 59, 86, 63, 23),2968)
(Set(85, 34, 59, 86, 63, 23),2968)
(Set(3, 34, 36),2962)
(Set(3, 86, 34, 36),2962)
(Set(85, 36, 3, 34),2962)
(Set(85, 34, 86, 3, 36),2962)
(Set(93, 34, 2),2960)
(Set(90, 36, 67),2960)
(Set(90, 39, 63),2960)
(Set(93, 39, 2),2960)
(Set(59, 67, 90),2960)
(Set(86, 93, 2),2960)
(Set(90, 59, 39, 34),2960)
(Set(90, 67, 86, 59),2960)
(Set(90, 67, 86, 36),2960)
(Set(90, 67, 34, 59),2960)
(Set(85, 93, 86, 2),2960)
(Set(90, 39, 85, 63),2960)
(Set(85, 93, 2, 39),2960)
(Set(85, 67, 90, 59),2960)
(Set(90, 39, 86, 59),2960)
(Set(90, 67, 34, 36),2960)
(Set(85, 67, 90, 36),2960)
(Set(93, 34, 2, 86),2960)
(Set(85, 93, 2, 34),2960)
(Set(93, 34, 59, 63, 90),2960)
(Set(85, 59, 86, 67, 90),2960)
(Set(85, 34, 59, 67, 90),2960)
(Set(85, 34, 67, 36, 90),2960)
(Set(34, 59, 86, 67, 90),2960)
(Set(93, 59, 86, 63, 90),2960)
(Set(34, 59, 86, 39, 90),2960)
(Set(85, 59, 86, 39, 90),2960)
(Set(85, 86, 67, 36, 90),2960)
(Set(85, 34, 59, 39, 90),2960)
(Set(34, 86, 67, 36, 90),2960)
(Set(93, 85, 2, 34, 86),2960)
(Set(85, 34, 59, 86, 39, 90),2960)
(Set(93, 85, 34, 59, 63, 90),2960)
(Set(93, 85, 59, 86, 63, 90),2960)
(Set(93, 34, 59, 86, 63, 90),2960)
(Set(85, 34, 86, 67, 36, 90),2960)
(Set(85, 34, 59, 86, 67, 90),2960)
(Set(93, 85, 34, 59, 86, 63, 90),2960)
(Set(116, 36),2956)
(Set(85, 116, 36),2956)
(Set(116, 36, 86),2956)
(Set(85, 36, 86, 116),2956)
(Set(93, 59, 63, 36, 90),2952)
(Set(93, 85, 59, 63, 36, 90),2952)
(Set(116, 36, 34),2938)
(Set(116, 36, 34, 85),2938)
(Set(116, 36, 34, 86),2938)
(Set(116, 85, 34, 86, 36),2938)
(Set(23, 36, 63),2936)
(Set(90, 23, 59),2936)
(Set(90, 59, 76),2936)
(Set(86, 59, 90, 23),2936)
(Set(85, 76, 59, 90),2936)
(Set(23, 36, 63, 85),2936)
(Set(23, 34, 59, 90),2936)
(Set(23, 36, 59, 93),2936)
(Set(93, 23, 90, 59),2936)
(Set(36, 63, 34, 93),2936)
(Set(85, 23, 59, 90),2936)
(Set(23, 36, 63, 86),2936)
(Set(34, 76, 59, 90),2936)
(Set(86, 59, 90, 76),2936)
(Set(86, 93, 63, 36),2936)
(Set(36, 63, 34, 23),2936)
(Set(93, 34, 59, 23, 36),2936)
(Set(93, 85, 59, 23, 90),2936)
(Set(93, 34, 59, 23, 90),2936)
(Set(85, 34, 59, 23, 90),2936)
(Set(93, 85, 59, 23, 36),2936)
(Set(93, 59, 86, 23, 36),2936)
(Set(85, 34, 59, 76, 90),2936)
(Set(85, 86, 63, 23, 36),2936)
(Set(85, 34, 63, 23, 36),2936)
(Set(85, 59, 86, 76, 90),2936)
(Set(85, 59, 86, 23, 90),2936)
(Set(34, 59, 86, 76, 90),2936)
(Set(34, 59, 86, 23, 90),2936)
(Set(93, 59, 86, 23, 90),2936)
(Set(93, 34, 86, 63, 36),2936)
(Set(34, 86, 63, 23, 36),2936)
(Set(93, 85, 86, 63, 36),2936)
(Set(93, 85, 34, 63, 36),2936)
(Set(93, 85, 34, 86, 63, 36),2936)
(Set(93, 85, 59, 86, 23, 90),2936)
(Set(93, 34, 59, 86, 23, 36),2936)
(Set(85, 34, 59, 86, 23, 90),2936)
(Set(85, 34, 86, 63, 23, 36),2936)
(Set(85, 34, 59, 86, 76, 90),2936)
(Set(93, 34, 59, 86, 23, 90),2936)
(Set(93, 85, 59, 86, 23, 36),2936)
(Set(93, 85, 34, 59, 23, 90),2936)
(Set(93, 85, 34, 59, 23, 36),2936)
(Set(93, 85, 34, 59, 86, 23, 36),2936)
(Set(93, 85, 34, 59, 86, 23, 90),2936)
(Set(86, 59, 63, 2),2932)
(Set(34, 59, 2, 63),2932)
(Set(85, 2, 34, 59, 63),2932)
(Set(2, 34, 59, 86, 63),2932)
(Set(85, 2, 59, 86, 63),2932)
(Set(85, 2, 34, 59, 86, 63),2932)
(Set(90, 28),2928)
(Set(90, 28, 85),2928)
(Set(90, 36, 76),2928)
(Set(85, 76, 36, 90),2928)
(Set(90, 36, 34, 76),2928)
(Set(86, 90, 76, 36),2928)
(Set(85, 86, 76, 36, 90),2928)
(Set(85, 34, 76, 36, 90),2928)
(Set(34, 86, 76, 36, 90),2928)
(Set(85, 34, 86, 76, 36, 90),2928)
(Set(28, 59),2920)
(Set(90, 36, 3),2920)
(Set(85, 28, 59),2920)
(Set(90, 36, 3, 85),2920)
(Set(2, 63, 39, 59),2920)
(Set(85, 2, 59, 39, 63),2920)
(Set(90, 39, 93),2912)
(Set(90, 36, 116),2912)
(Set(36, 39, 93, 90),2912)
(Set(90, 116, 86, 36),2912)
(Set(85, 93, 90, 39),2912)
(Set(85, 116, 36, 90),2912)
(Set(116, 36, 34, 90),2912)
(Set(116, 34, 86, 36, 90),2912)
(Set(116, 85, 34, 36, 90),2912)
(Set(116, 85, 86, 36, 90),2912)
(Set(93, 85, 39, 36, 90),2912)
(Set(116, 85, 34, 86, 36, 90),2912)
(Set(90, 52),2880)
(Set(90, 52, 85),2880)
(Set(90, 28, 2),2880)
(Set(90, 28, 85, 2),2880)
(Set(86, 36, 52),2876)
(Set(85, 36, 52, 86),2876)
(Set(28, 63),2872)
(Set(23, 39, 59),2872)
(Set(85, 28, 63),2872)
(Set(39, 63, 36),2872)
(Set(93, 59, 39, 36),2872)
(Set(86, 59, 39, 63),2872)
(Set(34, 39, 36, 59),2872)
(Set(23, 39, 34, 59),2872)
(Set(23, 36, 59, 39),2872)
(Set(90, 36, 3, 34),2872)
(Set(85, 23, 59, 39),2872)
(Set(86, 59, 39, 36),2872)
(Set(85, 63, 36, 39),2872)
(Set(23, 39, 59, 86),2872)
(Set(90, 36, 3, 86),2872)
(Set(39, 63, 34, 59),2872)
(Set(85, 59, 86, 39, 63),2872)
(Set(85, 59, 86, 39, 23),2872)
(Set(85, 59, 39, 23, 36),2872)
(Set(34, 59, 86, 39, 36),2872)
(Set(93, 85, 59, 39, 36),2872)
(Set(85, 59, 86, 39, 36),2872)
(Set(34, 59, 86, 39, 63),2872)
(Set(85, 86, 3, 36, 90),2872)
(Set(85, 34, 3, 36, 90),2872)
(Set(85, 34, 59, 39, 36),2872)
(Set(85, 34, 59, 39, 63),2872)
(Set(85, 34, 59, 39, 23),2872)
(Set(59, 86, 39, 23, 36),2872)
(Set(34, 86, 3, 36, 90),2872)
(Set(34, 59, 86, 39, 23),2872)
(Set(34, 59, 39, 23, 36),2872)
(Set(85, 34, 59, 86, 39, 63),2872)
(Set(85, 34, 59, 39, 23, 36),2872)
(Set(85, 34, 59, 86, 39, 36),2872)
(Set(85, 59, 86, 39, 23, 36),2872)
(Set(85, 34, 59, 86, 39, 23),2872)
(Set(34, 59, 86, 39, 23, 36),2872)
(Set(85, 34, 86, 3, 36, 90),2872)
(Set(85, 34, 59, 86, 39, 23, 36),2872)
(Set(2, 36, 39),2864)
(Set(23, 63, 59, 36),2864)
(Set(85, 36, 39, 2),2864)
(Set(59, 86, 63, 23, 36),2864)
(Set(93, 34, 59, 63, 36),2864)
(Set(93, 59, 86, 63, 36),2864)
(Set(85, 59, 63, 23, 36),2864)
(Set(34, 59, 63, 23, 36),2864)
(Set(85, 34, 59, 63, 23, 36),2864)
(Set(93, 85, 34, 59, 63, 36),2864)
(Set(93, 85, 59, 86, 63, 36),2864)
(Set(34, 59, 86, 63, 23, 36),2864)
(Set(85, 59, 86, 63, 23, 36),2864)
(Set(93, 34, 59, 86, 63, 36),2864)
(Set(85, 34, 59, 86, 63, 23, 36),2864)
(Set(93, 85, 34, 59, 86, 63, 36),2864)
(Set(34, 52, 36),2858)
(Set(34, 36, 86, 52),2858)
(Set(85, 36, 52, 34),2858)
(Set(52, 85, 34, 86, 36),2858)
(Set(1, 110),2848)
(Set(93, 23, 63),2848)
(Set(1, 110, 85),2848)
(Set(1, 110, 86),2848)
(Set(110, 34, 1),2848)
(Set(85, 93, 63, 23),2848)
(Set(2, 36, 59, 39),2848)
(Set(1, 110, 85, 86),2848)
(Set(93, 23, 86, 63),2848)
(Set(93, 23, 34, 63),2848)
(Set(110, 34, 85, 1),2848)
(Set(86, 34, 1, 110),2848)
(Set(93, 85, 34, 63, 23),2848)
(Set(110, 1, 85, 34, 86),2848)
(Set(93, 34, 86, 63, 23),2848)
(Set(93, 85, 86, 63, 23),2848)
(Set(85, 2, 59, 39, 36),2848)
(Set(93, 85, 34, 86, 63, 23),2848)
(Set(28, 59, 2),2840)
(Set(36, 39, 93, 34),2840)
(Set(36, 39, 93, 86),2840)
(Set(28, 59, 2, 85),2840)
(Set(90, 63, 34, 2),2840)
(Set(2, 90, 86, 63),2840)
(Set(2, 34, 86, 63, 90),2840)
(Set(93, 85, 34, 39, 36),2840)
(Set(93, 34, 86, 39, 36),2840)
(Set(85, 2, 86, 63, 90),2840)
(Set(93, 85, 86, 39, 36),2840)
(Set(85, 2, 34, 63, 90),2840)
(Set(93, 85, 34, 86, 39, 36),2840)
(Set(85, 2, 34, 86, 63, 90),2840)
(Set(110, 53),2832)
(Set(86, 110, 53),2832)
(Set(90, 110, 53),2832)
(Set(85, 53, 110),2832)
(Set(34, 53, 110),2832)
(Set(90, 110, 53, 85),2832)
(Set(34, 53, 90, 110),2832)
(Set(86, 53, 90, 110),2832)
(Set(34, 53, 85, 110),2832)
(Set(23, 36, 59, 90),2832)
(Set(86, 110, 53, 85),2832)
(Set(86, 110, 53, 34),2832)
(Set(93, 86, 63, 36, 90),2832)
(Set(85, 59, 23, 36, 90),2832)
(Set(93, 34, 63, 36, 90),2832)
(Set(110, 85, 53, 34, 86),2832)
(Set(110, 85, 53, 34, 90),2832)
(Set(93, 59, 23, 36, 90),2832)
(Set(34, 59, 23, 36, 90),2832)
(Set(59, 86, 23, 36, 90),2832)
(Set(110, 53, 34, 86, 90),2832)
(Set(110, 85, 53, 86, 90),2832)
(Set(34, 59, 86, 23, 36, 90),2832)
(Set(93, 85, 86, 63, 36, 90),2832)
(Set(85, 34, 59, 23, 36, 90),2832)
(Set(93, 34, 86, 63, 36, 90),2832)
(Set(93, 34, 59, 23, 36, 90),2832)
(Set(93, 85, 59, 23, 36, 90),2832)
(Set(93, 85, 34, 63, 36, 90),2832)
(Set(85, 59, 86, 23, 36, 90),2832)
(Set(110, 85, 53, 34, 86, 90),2832)
(Set(93, 59, 86, 23, 36, 90),2832)
(Set(85, 34, 59, 86, 23, 36, 90),2832)
(Set(93, 85, 34, 86, 63, 36, 90),2832)
(Set(93, 85, 34, 59, 23, 36, 90),2832)
(Set(93, 85, 59, 86, 23, 36, 90),2832)
(Set(93, 34, 59, 86, 23, 36, 90),2832)
(Set(93, 85, 34, 59, 86, 23, 36, 90),2832)
(Set(39, 52),2828)
(Set(39, 52, 85),2828)
(Set(90, 59, 2, 63),2828)
(Set(85, 2, 59, 63, 90),2828)
(Set(39, 67),2824)
(Set(39, 76),2824)
(Set(85, 67, 39),2824)
(Set(39, 67, 86),2824)
(Set(23, 39, 93),2824)
(Set(86, 39, 76),2824)
(Set(34, 76, 39),2824)
(Set(85, 76, 39),2824)
(Set(39, 63, 93),2824)
(Set(39, 67, 34),2824)
(Set(36, 39, 93, 23),2824)
(Set(86, 67, 34, 39),2824)
(Set(34, 39, 85, 67),2824)
(Set(23, 39, 34, 93),2824)
(Set(23, 39, 85, 93),2824)
(Set(34, 76, 86, 39),2824)
(Set(34, 39, 85, 76),2824)
(Set(93, 23, 86, 39),2824)
(Set(93, 59, 39, 86),2824)
(Set(86, 39, 76, 85),2824)
(Set(85, 93, 63, 39),2824)
(Set(85, 67, 39, 86),2824)
(Set(93, 59, 39, 34),2824)
(Set(93, 34, 39, 23, 36),2824)
(Set(93, 86, 39, 23, 36),2824)
(Set(93, 34, 59, 86, 39),2824)
(Set(93, 34, 86, 39, 23),2824)
(Set(93, 85, 39, 23, 36),2824)
(Set(93, 85, 34, 59, 39),2824)
(Set(93, 85, 86, 39, 23),2824)
(Set(85, 34, 86, 76, 39),2824)
(Set(85, 34, 86, 39, 67),2824)
(Set(93, 85, 59, 86, 39),2824)
(Set(93, 85, 34, 39, 23),2824)
(Set(93, 85, 86, 39, 23, 36),2824)
(Set(93, 85, 34, 86, 39, 23),2824)
(Set(93, 34, 86, 39, 23, 36),2824)
(Set(93, 85, 34, 59, 86, 39),2824)
(Set(93, 85, 34, 39, 23, 36),2824)
(Set(93, 85, 34, 86, 39, 23, 36),2824)
(Set(2, 36, 86),2816)
(Set(2, 90, 93),2816)
(Set(2, 36, 34),2816)
(Set(2, 63, 39, 90),2816)
(Set(2, 36, 86, 85),2816)
(Set(93, 59, 2, 90),2816)
(Set(85, 93, 90, 2),2816)
(Set(2, 36, 86, 34),2816)
(Set(2, 36, 85, 34),2816)
(Set(93, 85, 2, 59, 90),2816)
(Set(2, 59, 86, 39, 90),2816)
(Set(85, 2, 34, 86, 36),2816)
(Set(2, 34, 59, 39, 90),2816)
(Set(85, 2, 39, 63, 90),2816)
(Set(2, 34, 59, 86, 39, 90),2816)
(Set(85, 2, 34, 59, 39, 90),2816)
(Set(85, 2, 59, 86, 39, 90),2816)
(Set(85, 2, 34, 59, 86, 39, 90),2816)
(Set(1, 110, 36),2800)
(Set(2, 63, 93),2800)
(Set(86, 110, 36, 1),2800)
(Set(34, 59, 2, 93),2800)
(Set(85, 93, 63, 2),2800)
(Set(2, 36, 86, 59),2800)
(Set(93, 59, 39, 2),2800)
(Set(34, 59, 2, 36),2800)
(Set(36, 63, 59, 39),2800)
(Set(110, 34, 36, 1),2800)
(Set(93, 59, 2, 86),2800)
(Set(1, 85, 36, 110),2800)
(Set(110, 1, 85, 86, 36),2800)
(Set(110, 1, 85, 34, 36),2800)
(Set(2, 34, 59, 86, 36),2800)
(Set(85, 2, 59, 86, 36),2800)
(Set(93, 85, 2, 34, 59),2800)
(Set(85, 2, 34, 59, 36),2800)
(Set(93, 85, 2, 59, 86),2800)
(Set(93, 85, 2, 59, 39),2800)
(Set(93, 2, 34, 59, 86),2800)
(Set(110, 1, 34, 86, 36),2800)
(Set(85, 59, 39, 63, 36),2800)
(Set(85, 2, 34, 59, 86, 36),2800)
(Set(93, 85, 2, 34, 59, 86),2800)
(Set(110, 1, 85, 34, 86, 36),2800)
(Set(28, 63, 2),2792)
(Set(85, 28, 63, 2),2792)
(Set(39, 53),2784)
(Set(90, 39, 53),2784)
(Set(85, 53, 39),2784)
(Set(34, 53, 39),2784)
(Set(86, 53, 39),2784)
(Set(90, 39, 53, 34),2784)
(Set(90, 39, 53, 85),2784)
(Set(34, 53, 85, 39),2784)
(Set(34, 39, 86, 53),2784)
(Set(90, 39, 86, 53),2784)
(Set(85, 53, 39, 86),2784)
(Set(85, 53, 34, 86, 39),2784)
(Set(85, 53, 34, 39, 90),2784)
(Set(53, 34, 86, 39, 90),2784)
(Set(85, 53, 86, 39, 90),2784)
(Set(85, 53, 34, 86, 39, 90),2784)
(Set(94),2776)
(Set(94, 34),2776)
(Set(85, 94),2776)
(Set(1, 110, 90),2776)
(Set(94, 34, 85),2776)
(Set(23, 63, 59, 93),2776)
(Set(1, 110, 90, 34),2776)
(Set(1, 110, 90, 86),2776)
(Set(1, 110, 90, 85),2776)
(Set(93, 34, 59, 63, 23),2776)
(Set(110, 1, 85, 34, 90),2776)
(Set(110, 1, 85, 86, 90),2776)
(Set(110, 1, 34, 86, 90),2776)
(Set(93, 85, 59, 63, 23),2776)
(Set(93, 59, 86, 63, 23),2776)
(Set(93, 34, 59, 86, 63, 23),2776)
(Set(110, 1, 85, 34, 86, 90),2776)
(Set(93, 85, 34, 59, 63, 23),2776)
(Set(93, 85, 59, 86, 63, 23),2776)
(Set(93, 85, 34, 59, 86, 63, 23),2776)
(Set(86, 94),2768)
(Set(2, 36, 93),2768)
(Set(90, 36, 2),2768)
(Set(85, 86, 94),2768)
(Set(94, 34, 86),2768)
(Set(90, 39, 86, 63),2768)
(Set(93, 59, 39, 90),2768)
(Set(2, 36, 59, 90),2768)
(Set(93, 34, 2, 39),2768)
(Set(90, 36, 39, 59),2768)
(Set(85, 86, 34, 94),2768)
(Set(2, 86, 39, 93),2768)
(Set(2, 36, 85, 90),2768)
(Set(2, 36, 93, 85),2768)
(Set(90, 63, 34, 39),2768)
(Set(93, 85, 2, 34, 39),2768)
(Set(93, 2, 34, 86, 39),2768)
(Set(93, 85, 2, 86, 39),2768)
(Set(34, 86, 39, 63, 90),2768)
(Set(93, 85, 59, 39, 90),2768)
(Set(85, 59, 39, 36, 90),2768)
(Set(85, 86, 39, 63, 90),2768)
(Set(93, 59, 39, 36, 90),2768)
(Set(85, 2, 59, 36, 90),2768)
(Set(85, 34, 39, 63, 90),2768)
(Set(85, 34, 86, 39, 63, 90),2768)
(Set(93, 85, 59, 39, 36, 90),2768)
(Set(93, 85, 2, 34, 86, 39),2768)
(Set(93, 34, 59, 63, 36, 90),2760)
(Set(93, 59, 86, 63, 36, 90),2760)
(Set(93, 85, 59, 86, 63, 36, 90),2760)
(Set(93, 34, 59, 86, 63, 36, 90),2760)
(Set(93, 85, 34, 59, 63, 36, 90),2760)
(Set(93, 85, 34, 59, 86, 63, 36, 90),2760)
(Set(2, 23),2752)
(Set(2, 67),2752)
(Set(2, 67, 34),2752)
(Set(2, 23, 86),2752)
(Set(85, 67, 2),2752)
(Set(2, 23, 85),2752)
(Set(2, 36, 63),2752)
(Set(2, 67, 86),2752)
(Set(2, 23, 34),2752)
(Set(2, 23, 59),2752)
(Set(2, 67, 34, 86),2752)
(Set(2, 85, 86, 67),2752)
(Set(2, 23, 86, 59),2752)
(Set(2, 23, 85, 34),2752)
(Set(2, 67, 34, 85),2752)
(Set(2, 23, 86, 34),2752)
(Set(2, 23, 86, 85),2752)
(Set(2, 36, 59, 63),2752)
(Set(85, 63, 36, 2),2752)
(Set(85, 23, 59, 2),2752)
(Set(93, 59, 2, 36),2752)
(Set(34, 59, 2, 23),2752)
(Set(93, 85, 2, 59, 36),2752)
(Set(85, 2, 59, 86, 23),2752)
(Set(2, 34, 59, 86, 23),2752)
(Set(85, 2, 34, 86, 23),2752)
(Set(85, 2, 34, 59, 23),2752)
(Set(85, 2, 59, 63, 36),2752)
(Set(85, 2, 34, 86, 67),2752)
(Set(85, 2, 34, 59, 86, 23),2752)
(Set(28, 63, 39),2744)
(Set(28, 59, 39),2744)
(Set(90, 23, 63),2744)
(Set(23, 36, 63, 93),2744)
(Set(23, 63, 86, 90),2744)
(Set(85, 28, 39, 63),2744)
(Set(90, 23, 85, 63),2744)
(Set(90, 63, 34, 23),2744)
(Set(93, 23, 90, 63),2744)
(Set(85, 28, 39, 59),2744)
(Set(34, 86, 63, 23, 90),2744)
(Set(93, 85, 63, 23, 36),2744)
(Set(93, 86, 63, 23, 90),2744)
(Set(93, 34, 63, 23, 90),2744)
(Set(93, 34, 63, 23, 36),2744)
(Set(93, 85, 63, 23, 90),2744)
(Set(85, 86, 63, 23, 90),2744)
(Set(93, 86, 63, 23, 36),2744)
(Set(85, 34, 63, 23, 90),2744)
(Set(93, 34, 86, 63, 23, 90),2744)
(Set(93, 85, 86, 63, 23, 90),2744)
(Set(85, 34, 86, 63, 23, 90),2744)
(Set(93, 85, 34, 63, 23, 90),2744)
(Set(93, 85, 34, 63, 23, 36),2744)
(Set(93, 34, 86, 63, 23, 36),2744)
(Set(93, 85, 86, 63, 23, 36),2744)
(Set(93, 85, 34, 86, 63, 23, 90),2744)
(Set(93, 85, 34, 86, 63, 23, 36),2744)
(Set(36, 53, 63),2736)
(Set(36, 53, 59),2736)
(Set(90, 28, 34),2736)
(Set(110, 36, 53),2736)
(Set(36, 53, 86, 110),2736)
(Set(34, 53, 59, 36),2736)
(Set(36, 53, 85, 59),2736)
(Set(110, 34, 36, 53),2736)
(Set(86, 53, 63, 36),2736)
(Set(36, 53, 85, 63),2736)
(Set(36, 53, 85, 110),2736)
(Set(90, 36, 59, 53),2736)
(Set(90, 36, 63, 53),2736)
(Set(90, 36, 110, 53),2736)
(Set(36, 53, 86, 59),2736)
(Set(90, 28, 85, 34),2736)
(Set(36, 63, 34, 53),2736)
(Set(110, 53, 34, 86, 36),2736)
(Set(85, 53, 59, 86, 36),2736)
(Set(53, 34, 59, 86, 36),2736)
(Set(110, 85, 53, 86, 36),2736)
(Set(110, 53, 34, 36, 90),2736)
(Set(53, 86, 63, 36, 90),2736)
(Set(53, 59, 86, 36, 90),2736)
(Set(85, 53, 34, 59, 36),2736)
(Set(110, 85, 53, 36, 90),2736)
(Set(53, 34, 59, 36, 90),2736)
(Set(85, 53, 86, 63, 36),2736)
(Set(53, 34, 86, 63, 36),2736)
(Set(85, 53, 34, 63, 36),2736)
(Set(85, 53, 59, 36, 90),2736)
(Set(110, 53, 86, 36, 90),2736)
(Set(110, 85, 53, 34, 36),2736)
(Set(85, 53, 63, 36, 90),2736)
(Set(53, 34, 63, 36, 90),2736)
(Set(85, 53, 86, 63, 36, 90),2736)
(Set(85, 53, 34, 86, 63, 36),2736)
(Set(110, 85, 53, 34, 86, 36),2736)
(Set(85, 53, 34, 59, 86, 36),2736)
(Set(110, 85, 53, 34, 36, 90),2736)
(Set(53, 34, 59, 86, 36, 90),2736)
(Set(53, 34, 86, 63, 36, 90),2736)
(Set(85, 53, 34, 59, 36, 90),2736)
(Set(110, 85, 53, 86, 36, 90),2736)
(Set(85, 53, 34, 63, 36, 90),2736)
(Set(110, 53, 34, 86, 36, 90),2736)
(Set(85, 53, 59, 86, 36, 90),2736)
(Set(85, 53, 34, 59, 86, 36, 90),2736)
(Set(110, 85, 53, 34, 86, 36, 90),2736)
(Set(85, 53, 34, 86, 63, 36, 90),2736)
(Set(86, 59, 28),2728)
(Set(28, 59, 34),2728)
(Set(90, 28, 86),2728)
(Set(86, 90, 34, 28),2728)
(Set(90, 36, 110, 1),2728)
(Set(86, 59, 85, 28),2728)
(Set(90, 28, 85, 86),2728)
(Set(86, 59, 28, 34),2728)
(Set(93, 59, 2, 63),2728)
(Set(34, 59, 85, 28),2728)
(Set(110, 1, 86, 36, 90),2728)
(Set(110, 1, 34, 36, 90),2728)
(Set(2, 59, 86, 39, 63),2728)
(Set(85, 28, 34, 59, 86),2728)
(Set(2, 34, 59, 39, 63),2728)
(Set(93, 85, 2, 59, 63),2728)
(Set(110, 1, 85, 36, 90),2728)
(Set(85, 28, 34, 86, 90),2728)
(Set(110, 1, 85, 34, 36, 90),2728)
(Set(85, 2, 59, 86, 39, 63),2728)
(Set(85, 2, 34, 59, 39, 63),2728)
(Set(2, 34, 59, 86, 39, 63),2728)
(Set(110, 1, 85, 86, 36, 90),2728)
(Set(110, 1, 34, 86, 36, 90),2728)
(Set(85, 2, 34, 59, 86, 39, 63),2728)
(Set(110, 1, 85, 34, 86, 36, 90),2728)
(Set(24, 110),2720)
(Set(23, 39, 90),2720)
(Set(90, 110, 24),2720)
(Set(90, 67, 63),2720)
(Set(85, 110, 24),2720)
(Set(90, 36, 52),2720)
(Set(23, 39, 85, 90),2720)
(Set(23, 39, 90, 36),2720)
(Set(90, 39, 93, 34),2720)
(Set(90, 36, 93, 2),2720)
(Set(90, 67, 86, 63),2720)
(Set(90, 39, 86, 23),2720)
(Set(85, 67, 90, 63),2720)
(Set(90, 39, 86, 93),2720)
(Set(85, 36, 52, 90),2720)
(Set(90, 110, 24, 85),2720)
(Set(90, 39, 93, 23),2720)
(Set(23, 39, 34, 90),2720)
(Set(90, 63, 34, 67),2720)
(Set(93, 2, 59, 36, 90),2720)
(Set(85, 86, 39, 23, 90),2720)
(Set(93, 85, 2, 36, 90),2720)
(Set(93, 85, 86, 39, 90),2720)
(Set(34, 86, 63, 67, 90),2720)
(Set(93, 86, 39, 36, 90),2720)
(Set(93, 39, 23, 36, 90),2720)
(Set(93, 86, 39, 23, 90),2720)
(Set(34, 39, 23, 36, 90),2720)
(Set(85, 39, 23, 36, 90),2720)
(Set(93, 85, 39, 23, 90),2720)
(Set(34, 86, 39, 23, 90),2720)
(Set(85, 86, 63, 67, 90),2720)
(Set(93, 85, 34, 39, 90),2720)
(Set(93, 34, 39, 23, 90),2720)
(Set(93, 34, 86, 39, 90),2720)
(Set(93, 34, 39, 36, 90),2720)
(Set(85, 34, 39, 23, 90),2720)
(Set(85, 34, 63, 67, 90),2720)
(Set(86, 39, 23, 36, 90),2720)
(Set(93, 34, 86, 39, 36, 90),2720)
(Set(93, 86, 39, 23, 36, 90),2720)
(Set(93, 85, 86, 39, 36, 90),2720)
(Set(85, 86, 39, 23, 36, 90),2720)
(Set(34, 86, 39, 23, 36, 90),2720)
(Set(85, 34, 86, 63, 67, 90),2720)
(Set(85, 34, 86, 39, 23, 90),2720)
(Set(93, 85, 86, 39, 23, 90),2720)
(Set(93, 34, 39, 23, 36, 90),2720)
(Set(93, 85, 34, 39, 23, 90),2720)
(Set(85, 34, 39, 23, 36, 90),2720)
(Set(93, 85, 39, 23, 36, 90),2720)
(Set(93, 85, 34, 86, 39, 90),2720)
(Set(93, 34, 86, 39, 23, 90),2720)
(Set(93, 85, 2, 59, 36, 90),2720)
(Set(93, 85, 34, 39, 36, 90),2720)
(Set(93, 85, 34, 39, 23, 36, 90),2720)
(Set(93, 85, 34, 86, 39, 36, 90),2720)
(Set(93, 85, 34, 86, 39, 23, 90),2720)
(Set(93, 85, 86, 39, 23, 36, 90),2720)
(Set(85, 34, 86, 39, 23, 36, 90),2720)
(Set(93, 34, 86, 39, 23, 36, 90),2720)
(Set(93, 85, 34, 86, 39, 23, 36, 90),2720)
(Set(2, 76),2704)
(Set(2, 86, 76),2704)
(Set(34, 76, 2),2704)
(Set(85, 76, 2),2704)
(Set(2, 86, 76, 34),2704)
(Set(34, 76, 2, 85),2704)
(Set(2, 86, 76, 85),2704)
(Set(85, 2, 34, 86, 76),2704)
(Set(6, 36),2700)
(Set(85, 6, 36),2700)
(Set(90, 63, 76),2696)
(Set(90, 63, 34, 76),2696)
(Set(86, 63, 76, 90),2696)
(Set(85, 76, 63, 90),2696)
(Set(90, 59, 63, 39),2696)
(Set(85, 86, 76, 63, 90),2696)
(Set(85, 34, 76, 63, 90),2696)
(Set(85, 59, 39, 63, 90),2696)
(Set(34, 86, 76, 63, 90),2696)
(Set(85, 34, 86, 76, 63, 90),2696)
(Set(90, 52, 34),2688)
(Set(90, 28, 39),2688)
(Set(28, 34, 2, 90),2688)
(Set(90, 39, 85, 28),2688)
(Set(90, 52, 34, 85),2688)
(Set(2, 39, 28, 90),2688)
(Set(2, 90, 86, 28),2688)
(Set(85, 28, 2, 39, 90),2688)
(Set(85, 28, 2, 86, 90),2688)
(Set(85, 28, 2, 34, 90),2688)
(Set(28, 2, 34, 86, 90),2688)
(Set(85, 28, 2, 34, 86, 90),2688)
(Set(23, 39, 63),2680)
(Set(90, 52, 86),2680)
(Set(28, 63, 34),2680)
(Set(28, 63, 86),2680)
(Set(93, 59, 39, 63),2680)
(Set(23, 36, 63, 39),2680)
(Set(85, 63, 34, 28),2680)
(Set(36, 39, 93, 63),2680)
(Set(93, 59, 39, 23),2680)
(Set(86, 63, 34, 28),2680)
(Set(90, 52, 86, 85),2680)
(Set(90, 52, 34, 86),2680)
(Set(23, 39, 85, 63),2680)
(Set(23, 39, 34, 63),2680)
(Set(39, 63, 86, 36),2680)
(Set(36, 63, 34, 39),2680)
(Set(85, 28, 63, 86),2680)
(Set(39, 63, 86, 23),2680)
(Set(93, 59, 86, 39, 23),2680)
(Set(93, 34, 59, 39, 23),2680)
(Set(93, 59, 39, 23, 36),2680)
(Set(85, 28, 34, 86, 63),2680)
(Set(34, 86, 39, 63, 36),2680)
(Set(86, 39, 63, 23, 36),2680)
(Set(34, 39, 63, 23, 36),2680)
(Set(85, 34, 39, 63, 23),2680)
(Set(93, 85, 59, 39, 63),2680)
(Set(85, 39, 63, 23, 36),2680)
(Set(93, 59, 86, 39, 36),2680)
(Set(85, 86, 39, 63, 36),2680)
(Set(85, 34, 39, 63, 36),2680)
(Set(52, 85, 34, 86, 90),2680)
(Set(93, 85, 39, 63, 36),2680)
(Set(85, 86, 39, 63, 23),2680)
(Set(34, 86, 39, 63, 23),2680)
(Set(93, 85, 59, 39, 23),2680)
(Set(93, 34, 59, 39, 36),2680)
(Set(93, 85, 34, 59, 39, 36),2680)
(Set(93, 85, 59, 86, 39, 36),2680)
(Set(93, 34, 59, 86, 39, 36),2680)
(Set(93, 85, 59, 39, 23, 36),2680)
(Set(85, 34, 86, 39, 63, 23),2680)
(Set(93, 85, 59, 86, 39, 23),2680)
(Set(34, 86, 39, 63, 23, 36),2680)
(Set(93, 59, 86, 39, 23, 36),2680)
(Set(93, 34, 59, 39, 23, 36),2680)
(Set(93, 34, 59, 86, 39, 23),2680)
(Set(85, 34, 86, 39, 63, 36),2680)
(Set(93, 85, 34, 59, 39, 23),2680)
(Set(85, 34, 39, 63, 23, 36),2680)
(Set(85, 86, 39, 63, 23, 36),2680)
(Set(93, 85, 34, 59, 86, 39, 36),2680)
(Set(93, 34, 59, 86, 39, 23, 36),2680)
(Set(93, 85, 34, 59, 86, 39, 23),2680)
(Set(93, 85, 34, 59, 39, 23, 36),2680)
(Set(85, 34, 86, 39, 63, 23, 36),2680)
(Set(93, 85, 59, 86, 39, 23, 36),2680)
(Set(93, 85, 34, 59, 86, 39, 23, 36),2680)
(Set(34, 39, 36, 2),2672)
(Set(2, 39, 28, 59),2672)
(Set(2, 39, 28, 63),2672)
(Set(2, 36, 86, 39),2672)
(Set(36, 39, 93, 2),2672)
(Set(23, 63, 59, 90),2672)
(Set(59, 86, 63, 23, 90),2672)
(Set(85, 2, 34, 39, 36),2672)
(Set(85, 2, 86, 39, 36),2672)
(Set(93, 59, 63, 23, 90),2672)
(Set(2, 34, 86, 39, 36),2672)
(Set(93, 59, 63, 23, 36),2672)
(Set(85, 28, 2, 59, 39),2672)
(Set(85, 59, 63, 23, 90),2672)
(Set(93, 85, 2, 39, 36),2672)
(Set(34, 59, 63, 23, 90),2672)
(Set(85, 28, 2, 39, 63),2672)
(Set(93, 59, 86, 63, 23, 36),2672)
(Set(93, 85, 59, 63, 23, 90),2672)
(Set(85, 59, 86, 63, 23, 90),2672)
(Set(85, 2, 34, 86, 39, 36),2672)
(Set(85, 34, 59, 63, 23, 90),2672)
(Set(93, 34, 59, 63, 23, 90),2672)
(Set(93, 34, 59, 63, 23, 36),2672)
(Set(93, 59, 86, 63, 23, 90),2672)
(Set(34, 59, 86, 63, 23, 90),2672)
(Set(93, 85, 59, 63, 23, 36),2672)
(Set(93, 85, 59, 86, 63, 23, 36),2672)
(Set(93, 34, 59, 86, 63, 23, 36),2672)
(Set(93, 85, 34, 59, 63, 23, 90),2672)
(Set(93, 85, 59, 86, 63, 23, 90),2672)
(Set(93, 85, 34, 59, 63, 23, 36),2672)
(Set(93, 34, 59, 86, 63, 23, 90),2672)
(Set(85, 34, 59, 86, 63, 23, 90),2672)
(Set(93, 85, 34, 59, 86, 63, 23, 36),2672)
(Set(93, 85, 34, 59, 86, 63, 23, 90),2672)
(Set(2, 23, 36),2656)
(Set(23, 39, 2),2656)
(Set(2, 36, 86, 23),2656)
(Set(2, 23, 36, 85),2656)
(Set(2, 63, 39, 36),2656)
(Set(23, 39, 85, 2),2656)
(Set(23, 39, 34, 2),2656)
(Set(23, 39, 59, 2),2656)
(Set(2, 86, 39, 23),2656)
(Set(23, 36, 59, 2),2656)
(Set(2, 23, 36, 34),2656)
(Set(2, 23, 36, 39),2656)
(Set(85, 2, 34, 23, 36),2656)
(Set(2, 59, 39, 23, 36),2656)
(Set(2, 34, 86, 39, 23),2656)
(Set(85, 2, 86, 39, 23),2656)
(Set(85, 2, 86, 23, 36),2656)
(Set(2, 59, 86, 39, 36),2656)
(Set(85, 2, 59, 39, 23),2656)
(Set(2, 59, 86, 39, 23),2656)
(Set(2, 59, 39, 63, 36),2656)
(Set(2, 34, 86, 23, 36),2656)
(Set(85, 2, 39, 63, 36),2656)
(Set(2, 34, 59, 39, 23),2656)
(Set(2, 86, 39, 23, 36),2656)
(Set(93, 2, 59, 39, 36),2656)
(Set(2, 34, 59, 23, 36),2656)
(Set(85, 2, 59, 23, 36),2656)
(Set(85, 2, 39, 23, 36),2656)
(Set(2, 34, 39, 23, 36),2656)
(Set(2, 34, 59, 39, 36),2656)
(Set(2, 59, 86, 23, 36),2656)
(Set(85, 2, 34, 39, 23),2656)
(Set(85, 2, 59, 39, 23, 36),2656)
(Set(2, 34, 59, 39, 23, 36),2656)
(Set(85, 2, 34, 86, 39, 23),2656)
(Set(85, 2, 59, 86, 23, 36),2656)
(Set(2, 34, 86, 39, 23, 36),2656)
(Set(85, 2, 34, 86, 23, 36),2656)
(Set(2, 34, 59, 86, 23, 36),2656)
(Set(85, 2, 34, 59, 23, 36),2656)
(Set(85, 2, 59, 86, 39, 23),2656)
(Set(85, 2, 86, 39, 23, 36),2656)
(Set(85, 2, 34, 59, 39, 23),2656)
(Set(85, 2, 59, 86, 39, 36),2656)
(Set(85, 2, 34, 39, 23, 36),2656)
(Set(2, 34, 59, 86, 39, 23),2656)
(Set(2, 34, 59, 86, 39, 36),2656)
(Set(85, 2, 34, 59, 39, 36),2656)
(Set(93, 85, 2, 59, 39, 36),2656)
(Set(2, 59, 86, 39, 23, 36),2656)
(Set(85, 2, 59, 39, 63, 36),2656)
(Set(85, 2, 59, 86, 39, 23, 36),2656)
(Set(2, 34, 59, 86, 39, 23, 36),2656)
(Set(85, 2, 34, 59, 86, 39, 36),2656)
(Set(85, 2, 34, 59, 86, 39, 23),2656)
(Set(85, 2, 34, 86, 39, 23, 36),2656)
(Set(85, 2, 34, 59, 86, 23, 36),2656)
(Set(85, 2, 34, 59, 39, 23, 36),2656)
(Set(85, 2, 34, 59, 86, 39, 23, 36),2656)
(Set(6, 86, 36),2652)
(Set(6, 86, 85, 36),2652)
(Set(34, 59, 2, 28),2648)
(Set(86, 59, 28, 2),2648)
(Set(85, 28, 2, 34, 59),2648)
(Set(28, 2, 34, 59, 86),2648)
(Set(85, 28, 2, 59, 86),2648)
(Set(85, 28, 2, 34, 59, 86),2648)
(Set(6, 36, 34),2646)
(Set(34, 36, 86, 6),2646)
(Set(85, 6, 34, 36),2646)
(Set(6, 85, 34, 86, 36),2646)
(Set(90, 36, 63, 23),2640)
(Set(86, 63, 23, 36, 90),2640)
(Set(85, 63, 23, 36, 90),2640)
(Set(34, 63, 23, 36, 90),2640)
(Set(93, 63, 23, 36, 90),2640)
(Set(85, 86, 63, 23, 36, 90),2640)
(Set(93, 86, 63, 23, 36, 90),2640)
(Set(93, 85, 63, 23, 36, 90),2640)
(Set(93, 34, 63, 23, 36, 90),2640)
(Set(34, 86, 63, 23, 36, 90),2640)
(Set(85, 34, 63, 23, 36, 90),2640)
(Set(93, 85, 34, 63, 23, 36, 90),2640)
(Set(93, 34, 86, 63, 23, 36, 90),2640)
(Set(93, 85, 86, 63, 23, 36, 90),2640)
(Set(85, 34, 86, 63, 23, 36, 90),2640)
(Set(93, 85, 34, 86, 63, 23, 36, 90),2640)
(Set(39, 52, 86),2636)
(Set(39, 52, 85, 86),2636)
(Set(2, 59, 86, 63, 90),2636)
(Set(2, 34, 59, 63, 90),2636)
(Set(85, 2, 34, 59, 63, 90),2636)
(Set(85, 2, 59, 86, 63, 90),2636)
(Set(2, 34, 59, 86, 63, 90),2636)
(Set(85, 2, 34, 59, 86, 63, 90),2636)
(Set(3, 39),2632)
(Set(59, 67, 76),2632)
(Set(3, 39, 85),2632)
(Set(59, 67, 76, 34),2632)
(Set(39, 63, 86, 93),2632)
(Set(59, 67, 76, 86),2632)
(Set(93, 34, 63, 39),2632)
(Set(59, 67, 76, 85),2632)
(Set(85, 59, 86, 76, 67),2632)
(Set(93, 85, 86, 39, 63),2632)
(Set(34, 59, 86, 76, 67),2632)
(Set(85, 34, 59, 76, 67),2632)
(Set(93, 34, 86, 39, 63),2632)
(Set(93, 85, 34, 39, 63),2632)
(Set(93, 85, 34, 86, 39, 63),2632)
(Set(85, 34, 59, 86, 76, 67),2632)
(Set(110, 34, 24),2624)
(Set(24, 36, 110),2624)
(Set(86, 110, 24),2624)
(Set(90, 36, 39, 2),2624)
(Set(90, 39, 93, 2),2624)
(Set(86, 24, 85, 110),2624)
(Set(93, 34, 90, 2),2624)
(Set(24, 34, 90, 110),2624)
(Set(24, 34, 86, 110),2624)
(Set(24, 36, 110, 85),2624)
(Set(90, 110, 24, 86),2624)
(Set(2, 90, 93, 63),2624)
(Set(2, 90, 86, 93),2624)
(Set(90, 36, 110, 24),2624)
(Set(110, 34, 24, 85),2624)
(Set(93, 85, 2, 86, 90),2624)
(Set(24, 110, 85, 86, 90),2624)
(Set(24, 110, 85, 34, 86),2624)
(Set(93, 2, 39, 36, 90),2624)
(Set(2, 86, 39, 63, 90),2624)
(Set(24, 110, 85, 36, 90),2624)
(Set(93, 2, 59, 86, 90),2624)
(Set(93, 85, 2, 34, 90),2624)
(Set(93, 2, 59, 63, 90),2624)
(Set(93, 85, 2, 39, 90),2624)
(Set(85, 2, 39, 36, 90),2624)
(Set(93, 2, 59, 39, 90),2624)
(Set(2, 59, 39, 63, 90),2624)
(Set(2, 59, 39, 36, 90),2624)
(Set(2, 34, 39, 63, 90),2624)
(Set(93, 2, 34, 59, 90),2624)
(Set(24, 110, 34, 86, 90),2624)
(Set(93, 2, 34, 86, 90),2624)
(Set(93, 85, 2, 63, 90),2624)
(Set(24, 110, 85, 34, 90),2624)
(Set(93, 2, 34, 59, 86, 90),2624)
(Set(85, 2, 59, 39, 63, 90),2624)
(Set(85, 2, 59, 39, 36, 90),2624)
(Set(93, 85, 2, 39, 36, 90),2624)
(Set(93, 85, 2, 34, 59, 90),2624)
(Set(85, 2, 34, 39, 63, 90),2624)
(Set(93, 85, 2, 59, 86, 90),2624)
(Set(93, 85, 2, 34, 86, 90),2624)
(Set(85, 2, 86, 39, 63, 90),2624)
(Set(24, 110, 85, 34, 86, 90),2624)
(Set(2, 34, 86, 39, 63, 90),2624)
(Set(93, 85, 2, 59, 63, 90),2624)
(Set(93, 2, 59, 39, 36, 90),2624)
(Set(93, 85, 2, 59, 39, 90),2624)
(Set(93, 85, 2, 34, 59, 86, 90),2624)
(Set(85, 2, 34, 86, 39, 63, 90),2624)
(Set(93, 85, 2, 59, 39, 36, 90),2624)
(Set(39, 52, 34),2618)
(Set(39, 52, 34, 85),2618)
(Set(39, 52, 34, 86),2618)
(Set(52, 85, 34, 86, 39),2618)
(Set(93, 67),2608)
(Set(93, 76),2608)
(Set(34, 76, 93),2608)
(Set(86, 93, 67),2608)
(Set(86, 93, 76),2608)
(Set(93, 34, 67),2608)
(Set(85, 76, 93),2608)
(Set(85, 67, 93),2608)
(Set(86, 93, 63, 2),2608)
(Set(85, 93, 86, 76),2608)
(Set(93, 34, 2, 63),2608)
(Set(93, 34, 67, 85),2608)
(Set(23, 63, 59, 39),2608)
(Set(34, 76, 93, 85),2608)
(Set(85, 93, 86, 67),2608)
(Set(2, 63, 39, 93),2608)
(Set(86, 67, 34, 93),2608)
(Set(34, 76, 93, 86),2608)
(Set(34, 59, 39, 63, 36),2608)
(Set(85, 59, 39, 63, 23),2608)
(Set(34, 59, 39, 63, 23),2608)
(Set(59, 39, 63, 23, 36),2608)
(Set(93, 2, 59, 86, 39),2608)
(Set(93, 2, 34, 59, 39),2608)
(Set(93, 85, 2, 86, 63),2608)
(Set(93, 85, 2, 39, 63),2608)
(Set(93, 59, 39, 63, 36),2608)
(Set(93, 85, 34, 86, 76),2608)
(Set(59, 86, 39, 63, 23),2608)
(Set(59, 86, 39, 63, 36),2608)
(Set(93, 85, 34, 86, 67),2608)
(Set(93, 2, 34, 86, 63),2608)
(Set(93, 85, 2, 34, 63),2608)
(Set(93, 85, 59, 39, 63, 36),2608)
(Set(34, 59, 86, 39, 63, 23),2608)
(Set(93, 85, 2, 34, 86, 63),2608)
(Set(93, 85, 2, 59, 86, 39),2608)
(Set(85, 59, 39, 63, 23, 36),2608)
(Set(34, 59, 39, 63, 23, 36),2608)
(Set(85, 59, 86, 39, 63, 36),2608)
(Set(85, 59, 86, 39, 63, 23),2608)
(Set(59, 86, 39, 63, 23, 36),2608)
(Set(34, 59, 86, 39, 63, 36),2608)
(Set(93, 2, 34, 59, 86, 39),2608)
(Set(85, 34, 59, 39, 63, 36),2608)
(Set(85, 34, 59, 39, 63, 23),2608)
(Set(93, 85, 2, 34, 59, 39),2608)
(Set(85, 34, 59, 39, 63, 23, 36),2608)
(Set(93, 85, 2, 34, 59, 86, 39),2608)
(Set(34, 59, 86, 39, 63, 23, 36),2608)
(Set(85, 34, 59, 86, 39, 63, 36),2608)
(Set(85, 59, 86, 39, 63, 23, 36),2608)
(Set(85, 34, 59, 86, 39, 63, 23),2608)
(Set(85, 34, 59, 86, 39, 63, 23, 36),2608)
(Set(28, 34, 2, 63),2600)
(Set(2, 86, 28, 63),2600)
(Set(85, 28, 2, 34, 63),2600)
(Set(85, 28, 2, 86, 63),2600)
(Set(28, 2, 34, 86, 63),2600)
(Set(85, 28, 2, 34, 86, 63),2600)
(Set(24, 39),2596)
(Set(85, 39, 24),2596)
(Set(28, 63, 59),2596)
(Set(85, 28, 59, 63),2596)
(Set(53, 67),2592)
(Set(2, 53),2592)
(Set(53, 76),2592)
(Set(2, 53, 90),2592)
(Set(53, 76, 86),2592)
(Set(34, 53, 76),2592)
(Set(85, 76, 53),2592)
(Set(2, 53, 85),2592)
(Set(85, 67, 53),2592)
(Set(2, 53, 86),2592)
(Set(90, 67, 53),2592)
(Set(53, 67, 86),2592)
(Set(34, 53, 2),2592)
(Set(53, 76, 90),2592)
(Set(34, 53, 67),2592)
(Set(90, 67, 86, 53),2592)
(Set(34, 53, 90, 67),2592)
(Set(2, 85, 86, 53),2592)
(Set(85, 76, 53, 90),2592)
(Set(2, 53, 90, 34),2592)
(Set(34, 53, 85, 76),2592)
(Set(34, 53, 85, 67),2592)
(Set(2, 53, 90, 85),2592)
(Set(2, 53, 90, 86),2592)
(Set(85, 67, 53, 86),2592)
(Set(2, 53, 86, 34),2592)
(Set(53, 76, 86, 85),2592)
(Set(34, 53, 85, 2),2592)
(Set(53, 76, 86, 90),2592)
(Set(85, 67, 90, 53),2592)
(Set(53, 76, 86, 34),2592)
(Set(86, 67, 34, 53),2592)
(Set(34, 53, 76, 90),2592)
(Set(85, 53, 2, 34, 86),2592)
(Set(53, 2, 34, 86, 90),2592)
(Set(53, 34, 86, 76, 90),2592)
(Set(85, 53, 34, 86, 76),2592)
(Set(85, 53, 34, 76, 90),2592)
(Set(85, 53, 34, 86, 67),2592)
(Set(85, 53, 86, 76, 90),2592)
(Set(85, 53, 2, 86, 90),2592)
(Set(85, 53, 34, 67, 90),2592)
(Set(85, 53, 86, 67, 90),2592)
(Set(85, 53, 2, 34, 90),2592)
(Set(53, 34, 86, 67, 90),2592)
(Set(85, 53, 34, 86, 67, 90),2592)
(Set(85, 53, 2, 34, 86, 90),2592)
(Set(85, 53, 34, 86, 76, 90),2592)
(Set(94, 24),2584)
(Set(90, 94),2584)
(Set(94, 34, 90),2584)
(Set(94, 24, 90),2584)
(Set(90, 94, 85),2584)
(Set(94, 34, 24),2584)
(Set(3, 86, 39),2584)
(Set(94, 24, 85),2584)
(Set(3, 39, 85, 86),2584)
(Set(94, 34, 24, 85),2584)
(Set(94, 34, 90, 85),2584)
(Set(94, 24, 90, 85),2584)
(Set(94, 34, 90, 24),2584)
(Set(24, 85, 34, 94, 90),2584)
(Set(3, 39, 34),2578)
(Set(3, 39, 34, 85),2578)
(Set(3, 39, 34, 86),2578)
(Set(85, 34, 86, 39, 3),2578)
(Set(86, 90, 94),2576)
(Set(94, 24, 86),2576)
(Set(2, 36, 93, 34),2576)
(Set(2, 36, 86, 90),2576)
(Set(2, 90, 34, 36),2576)
(Set(24, 34, 86, 94),2576)
(Set(2, 36, 86, 93),2576)
(Set(86, 24, 85, 94),2576)
(Set(23, 39, 90, 59),2576)
(Set(94, 24, 90, 86),2576)
(Set(90, 94, 85, 86),2576)
(Set(94, 34, 90, 86),2576)
(Set(90, 39, 93, 63),2576)
(Set(90, 36, 63, 39),2576)
(Set(59, 86, 39, 23, 90),2576)
(Set(93, 85, 39, 63, 90),2576)
(Set(85, 2, 86, 36, 90),2576)
(Set(24, 85, 86, 94, 90),2576)
(Set(2, 59, 86, 36, 90),2576)
(Set(93, 85, 2, 34, 36),2576)
(Set(59, 39, 23, 36, 90),2576)
(Set(93, 59, 39, 23, 90),2576)
(Set(93, 85, 2, 86, 36),2576)
(Set(93, 39, 63, 36, 90),2576)
(Set(85, 59, 39, 23, 90),2576)
(Set(24, 85, 34, 86, 94),2576)
(Set(93, 2, 34, 86, 36),2576)
(Set(93, 59, 86, 39, 90),2576)
(Set(85, 2, 34, 36, 90),2576)
(Set(34, 59, 39, 36, 90),2576)
(Set(93, 34, 59, 39, 90),2576)
(Set(24, 34, 86, 94, 90),2576)
(Set(85, 34, 86, 94, 90),2576)
(Set(2, 34, 86, 36, 90),2576)
(Set(2, 34, 59, 36, 90),2576)
(Set(85, 39, 63, 36, 90),2576)
(Set(34, 59, 39, 23, 90),2576)
(Set(59, 86, 39, 36, 90),2576)
(Set(93, 59, 86, 39, 36, 90),2576)
(Set(85, 59, 86, 39, 23, 90),2576)
(Set(93, 34, 59, 39, 23, 90),2576)
(Set(93, 59, 39, 23, 36, 90),2576)
(Set(85, 2, 59, 86, 36, 90),2576)
(Set(85, 2, 34, 86, 36, 90),2576)
(Set(59, 86, 39, 23, 36, 90),2576)
(Set(93, 85, 34, 59, 39, 90),2576)
(Set(93, 85, 59, 86, 39, 90),2576)
(Set(93, 34, 59, 39, 36, 90),2576)
(Set(34, 59, 86, 39, 36, 90),2576)
(Set(93, 85, 2, 34, 86, 36),2576)
(Set(85, 34, 59, 39, 23, 90),2576)
(Set(2, 34, 59, 86, 36, 90),2576)
(Set(93, 59, 86, 39, 23, 90),2576)
(Set(93, 85, 39, 63, 36, 90),2576)
(Set(93, 34, 59, 86, 39, 90),2576)
(Set(34, 59, 86, 39, 23, 90),2576)
(Set(24, 85, 34, 86, 94, 90),2576)
(Set(34, 59, 39, 23, 36, 90),2576)
(Set(85, 2, 34, 59, 36, 90),2576)
(Set(85, 34, 59, 39, 36, 90),2576)
(Set(93, 85, 59, 39, 23, 90),2576)
(Set(85, 59, 39, 23, 36, 90),2576)
(Set(85, 59, 86, 39, 36, 90),2576)
(Set(85, 59, 86, 39, 23, 36, 90),2576)
(Set(85, 34, 59, 39, 23, 36, 90),2576)
(Set(93, 85, 34, 59, 39, 36, 90),2576)
(Set(34, 59, 86, 39, 23, 36, 90),2576)
(Set(93, 85, 59, 86, 39, 36, 90),2576)
(Set(93, 34, 59, 86, 39, 23, 90),2576)
(Set(93, 85, 59, 39, 23, 36, 90),2576)
(Set(93, 59, 86, 39, 23, 36, 90),2576)
(Set(93, 34, 59, 86, 39, 36, 90),2576)
(Set(85, 2, 34, 59, 86, 36, 90),2576)
(Set(93, 85, 59, 86, 39, 23, 90),2576)
(Set(85, 34, 59, 86, 39, 36, 90),2576)
(Set(93, 85, 34, 59, 39, 23, 90),2576)
(Set(93, 85, 34, 59, 86, 39, 90),2576)
(Set(93, 34, 59, 39, 23, 36, 90),2576)
(Set(85, 34, 59, 86, 39, 23, 90),2576)
(Set(93, 85, 34, 59, 86, 39, 36, 90),2576)
(Set(93, 85, 34, 59, 86, 39, 23, 90),2576)
(Set(85, 34, 59, 86, 39, 23, 36, 90),2576)
(Set(93, 85, 34, 59, 39, 23, 36, 90),2576)
(Set(93, 85, 59, 86, 39, 23, 36, 90),2576)
(Set(93, 34, 59, 86, 39, 23, 36, 90),2576)
(Set(93, 85, 34, 59, 86, 39, 23, 36, 90),2576)
(Set(90, 36, 6),2568)
(Set(85, 6, 90, 36),2568)
(Set(59, 63, 23, 36, 90),2568)
(Set(59, 86, 63, 23, 36, 90),2568)
(Set(34, 59, 63, 23, 36, 90),2568)
(Set(93, 59, 63, 23, 36, 90),2568)
(Set(85, 59, 63, 23, 36, 90),2568)
(Set(85, 34, 59, 63, 23, 36, 90),2568)
(Set(34, 59, 86, 63, 23, 36, 90),2568)
(Set(93, 59, 86, 63, 23, 36, 90),2568)
(Set(93, 85, 59, 63, 23, 36, 90),2568)
(Set(85, 59, 86, 63, 23, 36, 90),2568)
(Set(93, 34, 59, 63, 23, 36, 90),2568)
(Set(93, 34, 59, 86, 63, 23, 36, 90),2568)
(Set(93, 85, 59, 86, 63, 23, 36, 90),2568)
(Set(93, 85, 34, 59, 63, 23, 36, 90),2568)
(Set(85, 34, 59, 86, 63, 23, 36, 90),2568)
(Set(93, 85, 34, 59, 86, 63, 23, 36, 90),2568)
(Set(2, 23, 63),2560)
(Set(2, 23, 93),2560)
(Set(2, 23, 63, 59),2560)
(Set(2, 36, 86, 63),2560)
(Set(2, 23, 63, 85),2560)
(Set(2, 36, 93, 63),2560)
(Set(85, 93, 2, 23),2560)
(Set(2, 23, 63, 34),2560)
(Set(93, 59, 2, 23),2560)
(Set(2, 23, 63, 86),2560)
(Set(93, 23, 34, 2),2560)
(Set(93, 23, 86, 2),2560)
(Set(36, 63, 34, 2),2560)
(Set(85, 2, 59, 63, 23),2560)
(Set(93, 2, 59, 86, 23),2560)
(Set(93, 2, 34, 59, 23),2560)
(Set(93, 2, 59, 86, 36),2560)
(Set(93, 2, 34, 86, 23),2560)
(Set(93, 85, 2, 34, 23),2560)
(Set(2, 59, 86, 63, 36),2560)
(Set(93, 85, 2, 86, 23),2560)
(Set(2, 34, 59, 63, 36),2560)
(Set(85, 2, 34, 63, 36),2560)
(Set(85, 2, 34, 63, 23),2560)
(Set(2, 59, 86, 63, 23),2560)
(Set(85, 2, 86, 63, 23),2560)
(Set(93, 85, 2, 63, 36),2560)
(Set(93, 85, 2, 59, 23),2560)
(Set(93, 2, 59, 63, 36),2560)
(Set(2, 34, 86, 63, 23),2560)
(Set(2, 34, 59, 63, 23),2560)
(Set(85, 2, 86, 63, 36),2560)
(Set(93, 2, 34, 59, 36),2560)
(Set(2, 34, 86, 63, 36),2560)
(Set(85, 2, 34, 86, 63, 23),2560)
(Set(93, 85, 2, 59, 63, 36),2560)
(Set(85, 2, 34, 86, 63, 36),2560)
(Set(85, 2, 59, 86, 63, 23),2560)
(Set(93, 2, 34, 59, 86, 23),2560)
(Set(85, 2, 59, 86, 63, 36),2560)
(Set(2, 34, 59, 86, 63, 23),2560)
(Set(2, 34, 59, 86, 63, 36),2560)
(Set(93, 2, 34, 59, 86, 36),2560)
(Set(93, 85, 2, 59, 86, 36),2560)
(Set(93, 85, 2, 59, 86, 23),2560)
(Set(93, 85, 2, 34, 86, 23),2560)
(Set(85, 2, 34, 59, 63, 36),2560)
(Set(93, 85, 2, 34, 59, 23),2560)
(Set(85, 2, 34, 59, 63, 23),2560)
(Set(93, 85, 2, 34, 59, 36),2560)
(Set(93, 85, 2, 34, 59, 86, 23),2560)
(Set(93, 85, 2, 34, 59, 86, 36),2560)
(Set(85, 2, 34, 59, 86, 63, 23),2560)
(Set(85, 2, 34, 59, 86, 63, 36),2560)
(Set(9),2556)
(Set(85, 9),2556)
(Set(36, 76, 59),2552)
(Set(59, 67, 36),2552)
(Set(85, 36, 59, 76),2552)
(Set(86, 39, 28, 63),2552)
(Set(28, 59, 34, 39),2552)
(Set(59, 67, 86, 36),2552)
(Set(86, 59, 28, 39),2552)
(Set(85, 36, 59, 67),2552)
(Set(36, 76, 86, 59),2552)
(Set(36, 76, 59, 34),2552)
(Set(36, 59, 34, 67),2552)
(Set(39, 63, 34, 28),2552)
(Set(85, 59, 86, 67, 36),2552)
(Set(85, 34, 59, 76, 36),2552)
(Set(85, 28, 86, 39, 63),2552)
(Set(28, 34, 59, 86, 39),2552)
(Set(85, 28, 34, 39, 63),2552)
(Set(34, 59, 86, 76, 36),2552)
(Set(85, 34, 59, 67, 36),2552)
(Set(28, 34, 86, 39, 63),2552)
(Set(85, 59, 86, 76, 36),2552)
(Set(85, 28, 34, 59, 39),2552)
(Set(34, 59, 86, 67, 36),2552)
(Set(85, 28, 59, 86, 39),2552)
(Set(85, 28, 34, 59, 86, 39),2552)
(Set(85, 28, 34, 86, 39, 63),2552)
(Set(85, 34, 59, 86, 76, 36),2552)
(Set(85, 34, 59, 86, 67, 36),2552)
(Set(39, 52, 36),2540)
(Set(39, 52, 85, 36),2540)
(Set(93, 2, 59, 39, 63),2536)
(Set(93, 2, 59, 86, 63),2536)
(Set(93, 2, 34, 59, 63),2536)
(Set(93, 85, 2, 59, 39, 63),2536)
(Set(93, 2, 34, 59, 86, 63),2536)
(Set(93, 85, 2, 59, 86, 63),2536)
(Set(93, 85, 2, 34, 59, 63),2536)
(Set(93, 85, 2, 34, 59, 86, 63),2536)
(Set(2, 23, 90),2528)
(Set(110, 34, 36, 24),2528)
(Set(2, 23, 90, 86),2528)
(Set(90, 52, 86, 36),2528)
(Set(90, 36, 63, 2),2528)
(Set(90, 52, 34, 36),2528)
(Set(2, 23, 90, 85),2528)
(Set(2, 23, 90, 59),2528)
(Set(2, 23, 90, 93),2528)
(Set(2, 23, 90, 34),2528)
(Set(86, 110, 36, 24),2528)
(Set(24, 110, 86, 36, 90),2528)
(Set(52, 34, 86, 36, 90),2528)
(Set(2, 59, 86, 23, 90),2528)
(Set(52, 85, 86, 36, 90),2528)
(Set(85, 2, 86, 23, 90),2528)
(Set(85, 2, 63, 36, 90),2528)
(Set(93, 2, 34, 36, 90),2528)
(Set(93, 2, 86, 36, 90),2528)
(Set(2, 59, 63, 36, 90),2528)
(Set(93, 85, 2, 23, 90),2528)
(Set(93, 2, 34, 23, 90),2528)
(Set(2, 34, 59, 23, 90),2528)
(Set(93, 2, 59, 23, 90),2528)
(Set(24, 110, 34, 36, 90),2528)
(Set(93, 2, 63, 36, 90),2528)
(Set(52, 85, 34, 36, 90),2528)
(Set(85, 2, 59, 23, 90),2528)
(Set(24, 110, 85, 86, 36),2528)
(Set(24, 110, 34, 86, 36),2528)
(Set(24, 110, 85, 34, 36),2528)
(Set(93, 2, 86, 23, 90),2528)
(Set(2, 34, 86, 23, 90),2528)
(Set(85, 2, 34, 23, 90),2528)
(Set(24, 110, 85, 86, 36, 90),2528)
(Set(93, 2, 34, 86, 36, 90),2528)
(Set(93, 2, 59, 86, 23, 90),2528)
(Set(85, 2, 34, 59, 23, 90),2528)
(Set(93, 85, 2, 63, 36, 90),2528)
(Set(93, 2, 34, 59, 36, 90),2528)
(Set(85, 2, 34, 86, 23, 90),2528)
(Set(93, 85, 2, 59, 23, 90),2528)
(Set(24, 110, 85, 34, 36, 90),2528)
(Set(93, 85, 2, 34, 36, 90),2528)
(Set(2, 34, 59, 86, 23, 90),2528)
(Set(24, 110, 34, 86, 36, 90),2528)
(Set(85, 2, 59, 63, 36, 90),2528)
(Set(85, 2, 59, 86, 23, 90),2528)
(Set(93, 85, 2, 86, 36, 90),2528)
(Set(52, 85, 34, 86, 36, 90),2528)
(Set(93, 2, 34, 59, 23, 90),2528)
(Set(24, 110, 85, 34, 86, 36),2528)
(Set(93, 85, 2, 86, 23, 90),2528)
(Set(93, 2, 59, 86, 36, 90),2528)
(Set(93, 2, 59, 63, 36, 90),2528)
(Set(93, 85, 2, 34, 23, 90),2528)
(Set(93, 2, 34, 86, 23, 90),2528)
(Set(93, 85, 2, 59, 86, 36, 90),2528)
(Set(93, 85, 2, 34, 86, 23, 90),2528)
(Set(93, 85, 2, 59, 63, 36, 90),2528)
(Set(93, 85, 2, 34, 59, 36, 90),2528)
(Set(93, 85, 2, 34, 86, 36, 90),2528)
(Set(93, 85, 2, 59, 86, 23, 90),2528)
(Set(93, 2, 34, 59, 86, 36, 90),2528)
(Set(93, 2, 34, 59, 86, 23, 90),2528)
(Set(93, 85, 2, 34, 59, 23, 90),2528)
(Set(85, 2, 34, 59, 86, 23, 90),2528)
(Set(24, 110, 85, 34, 86, 36, 90),2528)
(Set(93, 85, 2, 34, 59, 86, 36, 90),2528)
(Set(93, 85, 2, 34, 59, 86, 23, 90),2528)
(Set(53, 59, 63),2520)
(Set(86, 53, 63, 59),2520)
(Set(90, 34, 6, 36),2520)
(Set(34, 53, 59, 63),2520)
(Set(6, 86, 90, 36),2520)
(Set(90, 59, 63, 53),2520)
(Set(85, 63, 53, 59),2520)
(Set(6, 34, 86, 36, 90),2520)
(Set(85, 53, 59, 63, 90),2520)
(Set(85, 53, 59, 86, 63),2520)
(Set(53, 34, 59, 86, 63),2520)
(Set(53, 34, 59, 63, 90),2520)
(Set(53, 59, 86, 63, 90),2520)
(Set(85, 53, 34, 59, 63),2520)
(Set(6, 85, 86, 36, 90),2520)
(Set(6, 85, 34, 36, 90),2520)
(Set(85, 53, 34, 59, 63, 90),2520)
(Set(85, 53, 34, 59, 86, 63),2520)
(Set(53, 34, 59, 86, 63, 90),2520)
(Set(85, 53, 59, 86, 63, 90),2520)
(Set(6, 85, 34, 86, 36, 90),2520)
(Set(85, 53, 34, 59, 86, 63, 90),2520)
(Set(28, 59, 2, 63),2516)
(Set(85, 28, 2, 59, 63),2516)
(Set(38),2512)
(Set(85, 38),2512)
(Set(90, 38),2512)
(Set(34, 38),2512)
(Set(85, 38, 34),2512)
(Set(85, 38, 90),2512)
(Set(90, 38, 34),2512)
(Set(85, 38, 34, 90),2512)
(Set(86, 38),2504)
(Set(86, 90, 38),2504)
(Set(1, 110, 24),2504)
(Set(85, 38, 86),2504)
(Set(34, 38, 86),2504)
(Set(86, 90, 38, 85),2504)
(Set(1, 110, 24, 85),2504)
(Set(1, 110, 24, 86),2504)
(Set(85, 38, 86, 34),2504)
(Set(1, 110, 24, 34),2504)
(Set(86, 90, 38, 34),2504)
(Set(1, 110, 24, 90),2504)
(Set(59, 39, 63, 36, 90),2504)
(Set(93, 59, 39, 63, 90),2504)
(Set(24, 110, 1, 34, 90),2504)
(Set(24, 110, 1, 85, 34),2504)
(Set(59, 86, 39, 63, 90),2504)
(Set(34, 59, 39, 63, 90),2504)
(Set(85, 38, 34, 86, 90),2504)
(Set(24, 110, 1, 85, 86),2504)
(Set(24, 110, 1, 86, 90),2504)
(Set(24, 110, 1, 85, 90),2504)
(Set(24, 110, 1, 34, 86),2504)
(Set(24, 110, 1, 34, 86, 90),2504)
(Set(24, 110, 1, 85, 86, 90),2504)
(Set(85, 59, 86, 39, 63, 90),2504)
(Set(93, 85, 59, 39, 63, 90),2504)
(Set(24, 110, 1, 85, 34, 86),2504)
(Set(85, 34, 59, 39, 63, 90),2504)
(Set(34, 59, 86, 39, 63, 90),2504)
(Set(85, 59, 39, 63, 36, 90),2504)
(Set(93, 59, 39, 63, 36, 90),2504)
(Set(24, 110, 1, 85, 34, 90),2504)
(Set(24, 110, 1, 85, 34, 86, 90),2504)
(Set(93, 85, 59, 39, 63, 36, 90),2504)
(Set(85, 34, 59, 86, 39, 63, 90),2504)
(Set(59, 67, 63),2500)
(Set(85, 67, 63, 59),2500)
(Set(59, 67, 86, 63),2500)
(Set(34, 63, 67, 59),2500)
(Set(85, 59, 86, 63, 67),2500)
(Set(34, 59, 86, 63, 67),2500)
(Set(85, 34, 59, 63, 67),2500)
(Set(85, 34, 59, 86, 63, 67),2500)
(Set(28, 53),2496)
(Set(24, 53),2496)
(Set(94, 53),2496)
(Set(28, 53, 39),2496)
(Set(24, 53, 90),2496)
(Set(34, 53, 24),2496)
(Set(34, 53, 28),2496)
(Set(24, 53, 94),2496)
(Set(28, 53, 2),2496)
(Set(86, 53, 94),2496)
(Set(85, 28, 53),2496)
(Set(85, 53, 94),2496)
(Set(34, 53, 94),2496)
(Set(24, 53, 86),2496)
(Set(28, 53, 86),2496)
(Set(90, 28, 53),2496)
(Set(2, 53, 39),2496)
(Set(24, 53, 85),2496)
(Set(90, 53, 94),2496)
(Set(2, 86, 39, 53),2496)
(Set(28, 34, 2, 53),2496)
(Set(28, 53, 39, 85),2496)
(Set(28, 53, 39, 34),2496)
(Set(2, 53, 90, 39),2496)
(Set(86, 24, 85, 53),2496)
(Set(90, 94, 85, 53),2496)
(Set(34, 53, 85, 24),2496)
(Set(24, 53, 90, 85),2496)
(Set(28, 53, 39, 86),2496)
(Set(90, 39, 53, 28),2496)
(Set(28, 53, 39, 2),2496)
(Set(2, 53, 85, 28),2496)
(Set(86, 53, 90, 28),2496)
(Set(34, 53, 24, 94),2496)
(Set(85, 53, 86, 28),2496)
(Set(34, 53, 90, 28),2496)
(Set(24, 53, 94, 86),2496)
(Set(85, 53, 86, 94),2496)
(Set(24, 34, 86, 53),2496)
(Set(34, 53, 39, 2),2496)
(Set(24, 53, 94, 85),2496)
(Set(94, 34, 90, 53),2496)
(Set(90, 39, 86, 28),2496)
(Set(34, 53, 85, 28),2496)
(Set(86, 53, 90, 94),2496)
(Set(86, 53, 94, 34),2496)
(Set(90, 28, 39, 34),2496)
(Set(85, 53, 39, 2),2496)
(Set(24, 53, 90, 86),2496)
(Set(94, 24, 90, 53),2496)
(Set(2, 53, 86, 28),2496)
(Set(34, 53, 28, 86),2496)
(Set(2, 53, 90, 28),2496)
(Set(90, 28, 85, 53),2496)
(Set(24, 53, 90, 34),2496)
(Set(34, 53, 85, 94),2496)
(Set(28, 2, 34, 39, 90),2496)
(Set(85, 53, 2, 39, 90),2496)
(Set(85, 28, 53, 39, 90),2496)
(Set(24, 53, 34, 86, 94),2496)
(Set(24, 85, 53, 34, 90),2496)
(Set(85, 53, 86, 94, 90),2496)
(Set(85, 28, 86, 39, 90),2496)
(Set(85, 28, 34, 39, 90),2496)
(Set(24, 53, 86, 94, 90),2496)
(Set(85, 28, 53, 34, 86),2496)
(Set(28, 53, 34, 39, 90),2496)
(Set(28, 34, 86, 39, 90),2496)
(Set(24, 85, 53, 86, 94),2496)
(Set(24, 85, 53, 86, 90),2496)
(Set(85, 53, 2, 34, 39),2496)
(Set(85, 28, 53, 86, 90),2496)
(Set(85, 28, 53, 2, 34),2496)
(Set(28, 53, 2, 34, 39),2496)
(Set(24, 53, 34, 86, 90),2496)
(Set(53, 34, 86, 94, 90),2496)
(Set(28, 2, 86, 39, 90),2496)
(Set(28, 53, 2, 34, 90),2496)
(Set(85, 28, 53, 86, 39),2496)
(Set(24, 85, 53, 94, 90),2496)
(Set(85, 28, 53, 2, 39),2496)
(Set(28, 53, 2, 86, 39),2496)
(Set(53, 2, 34, 39, 90),2496)
(Set(53, 2, 86, 39, 90),2496)
(Set(28, 53, 2, 34, 86),2496)
(Set(85, 28, 53, 2, 86),2496)
(Set(28, 53, 34, 86, 39),2496)
(Set(28, 53, 34, 86, 90),2496)
(Set(85, 28, 53, 34, 90),2496)
(Set(28, 53, 86, 39, 90),2496)
(Set(85, 53, 34, 86, 94),2496)
(Set(85, 53, 2, 86, 39),2496)
(Set(85, 28, 53, 2, 90),2496)
(Set(24, 85, 53, 34, 86),2496)
(Set(24, 85, 53, 34, 94),2496)
(Set(24, 53, 34, 94, 90),2496)
(Set(28, 53, 2, 39, 90),2496)
(Set(85, 28, 53, 34, 39),2496)
(Set(85, 53, 34, 94, 90),2496)
(Set(28, 53, 2, 86, 90),2496)
(Set(53, 2, 34, 86, 39),2496)
(Set(24, 85, 53, 34, 94, 90),2496)
(Set(85, 28, 34, 86, 39, 90),2496)
(Set(53, 2, 34, 86, 39, 90),2496)
(Set(85, 28, 53, 2, 34, 90),2496)
(Set(24, 53, 34, 86, 94, 90),2496)
(Set(85, 28, 53, 34, 86, 90),2496)
(Set(24, 85, 53, 86, 94, 90),2496)
(Set(85, 28, 53, 34, 39, 90),2496)
(Set(85, 28, 53, 2, 39, 90),2496)
(Set(28, 53, 34, 86, 39, 90),2496)
(Set(85, 53, 34, 86, 94, 90),2496)
(Set(85, 28, 53, 2, 34, 39),2496)
(Set(28, 2, 34, 86, 39, 90),2496)
(Set(85, 28, 2, 86, 39, 90),2496)
(Set(85, 53, 2, 34, 86, 39),2496)
(Set(28, 53, 2, 34, 86, 90),2496)
(Set(85, 53, 2, 34, 39, 90),2496)
(Set(85, 28, 53, 34, 86, 39),2496)
(Set(24, 85, 53, 34, 86, 94),2496)
(Set(85, 28, 53, 2, 34, 86),2496)
(Set(85, 28, 53, 86, 39, 90),2496)
(Set(28, 53, 2, 86, 39, 90),2496)
(Set(28, 53, 2, 34, 39, 90),2496)
(Set(24, 85, 53, 34, 86, 90),2496)
(Set(85, 28, 53, 2, 86, 90),2496)
(Set(85, 53, 2, 86, 39, 90),2496)
(Set(28, 53, 2, 34, 86, 39),2496)
(Set(85, 28, 2, 34, 39, 90),2496)
(Set(85, 28, 53, 2, 86, 39),2496)
(Set(28, 53, 2, 34, 86, 39, 90),2496)
(Set(85, 28, 53, 2, 34, 39, 90),2496)
(Set(85, 28, 53, 34, 86, 39, 90),2496)
(Set(85, 28, 53, 2, 86, 39, 90),2496)
(Set(85, 28, 53, 2, 34, 86, 90),2496)
(Set(85, 28, 53, 2, 34, 86, 39),2496)
(Set(85, 28, 2, 34, 86, 39, 90),2496)
(Set(24, 85, 53, 34, 86, 94, 90),2496)
(Set(85, 53, 2, 34, 86, 39, 90),2496)
(Set(85, 28, 53, 2, 34, 86, 39, 90),2496)
(Set(59, 76, 63),2488)
(Set(93, 23, 63, 39),2488)
(Set(86, 63, 76, 59),2488)
(Set(85, 76, 63, 59),2488)
(Set(34, 76, 59, 63),2488)
(Set(93, 34, 39, 63, 36),2488)
(Set(85, 34, 59, 76, 63),2488)
(Set(34, 59, 86, 76, 63),2488)
(Set(93, 39, 63, 23, 36),2488)
(Set(93, 85, 39, 63, 23),2488)
(Set(93, 86, 39, 63, 23),2488)
(Set(93, 34, 39, 63, 23),2488)
(Set(93, 59, 86, 39, 63),2488)
(Set(85, 59, 86, 76, 63),2488)
(Set(93, 34, 59, 39, 63),2488)
(Set(93, 86, 39, 63, 36),2488)
(Set(93, 86, 39, 63, 23, 36),2488)
(Set(93, 85, 34, 39, 63, 36),2488)
(Set(93, 85, 34, 39, 63, 23),2488)
(Set(93, 34, 86, 39, 63, 36),2488)
(Set(93, 85, 86, 39, 63, 36),2488)
(Set(93, 34, 86, 39, 63, 23),2488)
(Set(85, 34, 59, 86, 76, 63),2488)
(Set(93, 34, 59, 86, 39, 63),2488)
(Set(93, 85, 39, 63, 23, 36),2488)
(Set(93, 34, 39, 63, 23, 36),2488)
(Set(93, 85, 59, 86, 39, 63),2488)
(Set(93, 85, 34, 59, 39, 63),2488)
(Set(93, 85, 86, 39, 63, 23),2488)
(Set(93, 85, 34, 86, 39, 63, 23),2488)
(Set(93, 85, 34, 39, 63, 23, 36),2488)
(Set(93, 85, 34, 59, 86, 39, 63),2488)
(Set(93, 85, 86, 39, 63, 23, 36),2488)
(Set(93, 85, 34, 86, 39, 63, 36),2488)
(Set(93, 34, 86, 39, 63, 23, 36),2488)
(Set(93, 85, 34, 86, 39, 63, 23, 36),2488)
(Set(58),2480)
(Set(85, 58),2480)
(Set(90, 28, 59),2480)
(Set(28, 63, 39, 59),2480)
(Set(90, 28, 59, 85),2480)
(Set(93, 2, 86, 39, 36),2480)
(Set(93, 2, 34, 39, 36),2480)
(Set(28, 2, 34, 39, 63),2480)
(Set(28, 2, 59, 86, 39),2480)
(Set(28, 2, 86, 39, 63),2480)
(Set(28, 2, 34, 59, 39),2480)
(Set(85, 28, 59, 39, 63),2480)
(Set(85, 28, 2, 34, 59, 39),2480)
(Set(93, 2, 34, 86, 39, 36),2480)
(Set(85, 28, 2, 34, 39, 63),2480)
(Set(85, 28, 2, 86, 39, 63),2480)
(Set(93, 85, 2, 34, 39, 36),2480)
(Set(28, 2, 34, 59, 86, 39),2480)
(Set(85, 28, 2, 59, 86, 39),2480)
(Set(28, 2, 34, 86, 39, 63),2480)
(Set(93, 85, 2, 86, 39, 36),2480)
(Set(93, 85, 2, 34, 86, 39, 36),2480)
(Set(85, 28, 2, 34, 59, 86, 39),2480)
(Set(85, 28, 2, 34, 86, 39, 63),2480)
(Set(90, 59, 2, 28),2472)
(Set(85, 28, 2, 59, 90),2472)
(Set(2, 76, 39),2464)
(Set(2, 67, 39),2464)
(Set(2, 86, 39, 67),2464)
(Set(85, 67, 39, 2),2464)
(Set(2, 23, 63, 39),2464)
(Set(34, 76, 2, 39),2464)
(Set(2, 23, 63, 36),2464)
(Set(2, 67, 34, 39),2464)
(Set(23, 39, 93, 2),2464)
(Set(2, 86, 39, 76),2464)
(Set(2, 23, 36, 93),2464)
(Set(85, 76, 2, 39),2464)
(Set(93, 2, 59, 39, 23),2464)
(Set(2, 39, 63, 23, 36),2464)
(Set(85, 2, 39, 63, 23),2464)
(Set(2, 86, 39, 63, 23),2464)
(Set(85, 2, 86, 39, 67),2464)
(Set(85, 2, 86, 76, 39),2464)
(Set(93, 2, 39, 23, 36),2464)
(Set(93, 85, 2, 39, 23),2464)
(Set(85, 2, 63, 23, 36),2464)
(Set(85, 2, 34, 76, 39),2464)
(Set(2, 34, 39, 63, 36),2464)
(Set(93, 2, 34, 39, 23),2464)
(Set(2, 86, 63, 23, 36),2464)
(Set(93, 2, 39, 63, 36),2464)
(Set(2, 86, 39, 63, 36),2464)
(Set(2, 34, 86, 76, 39),2464)
(Set(2, 34, 86, 39, 67),2464)
(Set(93, 2, 86, 23, 36),2464)
(Set(2, 34, 39, 63, 23),2464)
(Set(93, 2, 34, 23, 36),2464)
(Set(85, 2, 34, 39, 67),2464)
(Set(93, 85, 2, 23, 36),2464)
(Set(93, 2, 59, 23, 36),2464)
(Set(2, 59, 39, 63, 23),2464)
(Set(93, 2, 86, 39, 23),2464)
(Set(2, 34, 63, 23, 36),2464)
(Set(2, 59, 63, 23, 36),2464)
(Set(2, 59, 86, 39, 63, 23),2464)
(Set(85, 2, 86, 39, 63, 36),2464)
(Set(85, 2, 59, 39, 63, 23),2464)
(Set(93, 2, 34, 86, 39, 23),2464)
(Set(85, 2, 86, 39, 63, 23),2464)
(Set(93, 85, 2, 59, 23, 36),2464)
(Set(93, 85, 2, 59, 39, 23),2464)
(Set(2, 34, 86, 39, 63, 23),2464)
(Set(2, 59, 86, 63, 23, 36),2464)
(Set(93, 2, 59, 39, 23, 36),2464)
(Set(2, 34, 39, 63, 23, 36),2464)
(Set(2, 34, 86, 39, 63, 36),2464)
(Set(85, 2, 34, 39, 63, 23),2464)
(Set(85, 2, 34, 39, 63, 36),2464)
(Set(93, 85, 2, 86, 39, 23),2464)
(Set(93, 2, 59, 86, 23, 36),2464)
(Set(85, 2, 34, 86, 76, 39),2464)
(Set(93, 2, 59, 86, 39, 23),2464)
(Set(2, 34, 59, 63, 23, 36),2464)
(Set(93, 2, 86, 39, 23, 36),2464)
(Set(2, 59, 86, 39, 63, 36),2464)
(Set(93, 2, 34, 59, 39, 23),2464)
(Set(93, 2, 34, 59, 23, 36),2464)
(Set(2, 34, 59, 39, 63, 36),2464)
(Set(2, 86, 39, 63, 23, 36),2464)
(Set(93, 2, 59, 86, 39, 36),2464)
(Set(85, 2, 59, 63, 23, 36),2464)
(Set(93, 85, 2, 86, 23, 36),2464)
(Set(85, 2, 86, 63, 23, 36),2464)
(Set(93, 85, 2, 34, 39, 23),2464)
(Set(93, 85, 2, 39, 23, 36),2464)
(Set(2, 59, 39, 63, 23, 36),2464)
(Set(93, 2, 59, 39, 63, 36),2464)
(Set(93, 85, 2, 34, 23, 36),2464)
(Set(93, 2, 34, 86, 23, 36),2464)
(Set(2, 34, 86, 63, 23, 36),2464)
(Set(85, 2, 34, 63, 23, 36),2464)
(Set(85, 2, 39, 63, 23, 36),2464)
(Set(85, 2, 34, 86, 39, 67),2464)
(Set(93, 2, 34, 39, 23, 36),2464)
(Set(93, 85, 2, 39, 63, 36),2464)
(Set(93, 2, 34, 59, 39, 36),2464)
(Set(2, 34, 59, 39, 63, 23),2464)
(Set(85, 2, 34, 39, 63, 23, 36),2464)
(Set(85, 2, 34, 59, 39, 63, 23),2464)
(Set(93, 85, 2, 34, 86, 23, 36),2464)
(Set(93, 85, 2, 59, 86, 39, 23),2464)
(Set(93, 85, 2, 86, 39, 23, 36),2464)
(Set(93, 85, 2, 34, 59, 23, 36),2464)
(Set(2, 34, 59, 86, 63, 23, 36),2464)
(Set(85, 2, 34, 86, 39, 63, 23),2464)
(Set(93, 2, 59, 86, 39, 23, 36),2464)
(Set(93, 2, 34, 59, 86, 23, 36),2464)
(Set(85, 2, 34, 86, 39, 63, 36),2464)
(Set(93, 85, 2, 34, 59, 39, 36),2464)
(Set(93, 2, 34, 59, 86, 39, 23),2464)
(Set(93, 85, 2, 34, 86, 39, 23),2464)
(Set(2, 34, 86, 39, 63, 23, 36),2464)
(Set(85, 2, 34, 59, 63, 23, 36),2464)
(Set(85, 2, 59, 39, 63, 23, 36),2464)
(Set(93, 2, 34, 86, 39, 23, 36),2464)
(Set(93, 2, 34, 59, 86, 39, 36),2464)
(Set(85, 2, 59, 86, 39, 63, 36),2464)
(Set(85, 2, 59, 86, 63, 23, 36),2464)
(Set(93, 85, 2, 34, 59, 39, 23),2464)
(Set(2, 59, 86, 39, 63, 23, 36),2464)
(Set(85, 2, 34, 86, 63, 23, 36),2464)
(Set(85, 2, 59, 86, 39, 63, 23),2464)
(Set(85, 2, 86, 39, 63, 23, 36),2464)
(Set(2, 34, 59, 86, 39, 63, 23),2464)
(Set(93, 85, 2, 59, 39, 23, 36),2464)
(Set(93, 85, 2, 59, 86, 23, 36),2464)
(Set(93, 85, 2, 59, 86, 39, 36),2464)
(Set(93, 85, 2, 34, 39, 23, 36),2464)
(Set(2, 34, 59, 39, 63, 23, 36),2464)
(Set(93, 2, 34, 59, 39, 23, 36),2464)
(Set(2, 34, 59, 86, 39, 63, 36),2464)
(Set(93, 85, 2, 59, 39, 63, 36),2464)
(Set(85, 2, 34, 59, 39, 63, 36),2464)
(Set(85, 2, 34, 59, 39, 63, 23, 36),2464)
(Set(85, 2, 34, 59, 86, 63, 23, 36),2464)
(Set(85, 2, 59, 86, 39, 63, 23, 36),2464)
(Set(93, 85, 2, 34, 59, 86, 39, 23),2464)
(Set(93, 85, 2, 34, 59, 39, 23, 36),2464)
(Set(2, 34, 59, 86, 39, 63, 23, 36),2464)
(Set(85, 2, 34, 59, 86, 39, 63, 36),2464)
(Set(85, 2, 34, 86, 39, 63, 23, 36),2464)
(Set(93, 85, 2, 59, 86, 39, 23, 36),2464)
(Set(93, 85, 2, 34, 86, 39, 23, 36),2464)
(Set(85, 2, 34, 59, 86, 39, 63, 23),2464)
(Set(93, 85, 2, 34, 59, 86, 23, 36),2464)
(Set(93, 2, 34, 59, 86, 39, 23, 36),2464)
(Set(93, 85, 2, 34, 59, 86, 39, 36),2464)
(Set(93, 85, 2, 34, 59, 86, 39, 23, 36),2464)
(Set(85, 2, 34, 59, 86, 39, 63, 23, 36),2464)
(Set(116, 56),2456)
(Set(34, 56, 116),2456)
(Set(86, 116, 56),2456)
(Set(85, 56, 116),2456)
(Set(34, 56, 116, 85),2456)
(Set(34, 56, 116, 86),2456)
(Set(1, 110, 24, 36),2456)
(Set(85, 56, 86, 116),2456)
(Set(24, 110, 1, 34, 36),2456)
(Set(24, 110, 1, 85, 36),2456)
(Set(24, 110, 1, 86, 36),2456)
(Set(24, 110, 1, 36, 90),2456)
(Set(56, 116, 85, 34, 86),2456)
(Set(24, 110, 1, 85, 86, 36),2456)
(Set(24, 110, 1, 85, 36, 90),2456)
(Set(24, 110, 1, 86, 36, 90),2456)
(Set(24, 110, 1, 85, 34, 36),2456)
(Set(24, 110, 1, 34, 36, 90),2456)
(Set(24, 110, 1, 34, 86, 36),2456)
(Set(24, 110, 1, 34, 86, 36, 90),2456)
(Set(24, 110, 1, 85, 34, 86, 36),2456)
(Set(24, 110, 1, 85, 86, 36, 90),2456)
(Set(24, 110, 1, 85, 34, 36, 90),2456)
(Set(24, 110, 1, 85, 34, 86, 36, 90),2456)
(Set(90, 56, 116),2448)
(Set(90, 116, 86, 56),2448)
(Set(34, 56, 116, 90),2448)
(Set(85, 56, 90, 116),2448)
(Set(56, 116, 85, 34, 90),2448)
(Set(56, 116, 85, 86, 90),2448)
(Set(56, 116, 34, 86, 90),2448)
(Set(56, 116, 85, 34, 86, 90),2448)
(Set(90, 39, 3),2440)
(Set(90, 39, 85, 3),2440)
