(Set(7072),38749)
(Set(161),36856)
(Set(197),36746)
(Set(4502),36492)
(Set(84),36475)
(Set(84, 161),36475)
(Set(4499),36386)
(Set(168),36267)
(Set(161, 168),36267)
(Set(84, 168),36267)
(Set(84, 168, 161),36267)
(Set(4933),35782)
(Set(4499, 4502),35768)
(Set(4937),35387)
(Set(4933, 4937),35182)
(Set(161, 4502),34692)
(Set(84, 4502),34672)
(Set(84, 161, 4502),34672)
(Set(4502, 168),34605)
(Set(84, 168, 4502),34605)
(Set(161, 168, 4502),34605)
(Set(84, 161, 4502, 168),34605)
(Set(4499, 161),34579)
(Set(84, 4499),34559)
(Set(84, 161, 4499),34559)
(Set(4499, 168),34491)
(Set(84, 168, 4499),34491)
(Set(161, 168, 4499),34491)
(Set(84, 168, 161, 4499),34491)
(Set(4496),34214)
(Set(277),34042)
(Set(4499, 161, 4502),33974)
(Set(84, 4499, 4502),33955)
(Set(84, 161, 4502, 4499),33955)
(Set(4496, 4499),33938)
(Set(4502, 168, 4499),33888)
(Set(84, 168, 4499, 4502),33888)
(Set(161, 168, 4499, 4502),33888)
(Set(84, 4499, 161, 4502, 168),33888)
(Set(4496, 4502),33580)
(Set(4496, 4499, 4502),33429)
(Set(4496, 161),33038)
(Set(4496, 84),33027)
(Set(4496, 84, 161),33027)
(Set(4496, 168),32981)
(Set(84, 168, 4496),32981)
(Set(161, 168, 4496),32981)
(Set(4496, 84, 161, 168),32981)
(Set(4499, 161, 4496),32766)
(Set(4496, 84, 4499),32756)
(Set(4496, 84, 161, 4499),32756)
(Set(4499, 168, 4496),32710)
(Set(84, 168, 4496, 4499),32710)
(Set(161, 168, 4496, 4499),32710)
(Set(4496, 84, 4499, 161, 168),32710)
(Set(4496, 161, 4502),32417)
(Set(4496, 84, 4502),32407)
(Set(4496, 84, 161, 4502),32407)
(Set(161, 277),32372)
(Set(4502, 168, 4496),32361)
(Set(161, 168, 4496, 4502),32361)
(Set(84, 168, 4496, 4502),32361)
(Set(4496, 84, 161, 4502, 168),32361)
(Set(84, 277),32308)
(Set(84, 161, 277),32308)
(Set(168, 277),32276)
(Set(161, 168, 277),32276)
(Set(84, 168, 277),32276)
(Set(84, 168, 161, 277),32276)
(Set(4496, 161, 4502, 4499),32268)
(Set(4496, 84, 4502, 4499),32258)
(Set(4496, 84, 4499, 161, 4502),32258)
(Set(4502, 168, 4496, 4499),32212)
(Set(4496, 84, 4499, 4502, 168),32212)
(Set(4496, 4499, 161, 4502, 168),32212)
(Set(4496, 84, 4499, 161, 4502, 168),32212)
(Set(4493),32200)
(Set(4496, 4493),32200)
(Set(4499, 4493),32098)
(Set(4496, 4493, 4499),32098)
(Set(4493, 4502),31684)
(Set(4496, 4493, 4502),31684)
(Set(4493, 4502, 4499),31634)
(Set(4496, 4493, 4502, 4499),31634)
(Set(4493, 161),31053)
(Set(4493, 161, 4496),31053)
(Set(84, 4493),31043)
(Set(4496, 84, 4493),31043)
(Set(84, 161, 4493),31043)
(Set(4496, 84, 161, 4493),31043)
(Set(4502, 277),31006)
(Set(4493, 168),30998)
(Set(4496, 168, 4493),30998)
(Set(84, 168, 4493),30998)
(Set(161, 168, 4493),30998)
(Set(161, 168, 4496, 4493),30998)
(Set(84, 168, 161, 4493),30998)
(Set(84, 168, 4496, 4493),30998)
(Set(4496, 84, 4493, 161, 168),30998)
(Set(4493, 161, 4499),30952)
(Set(4493, 161, 4499, 4496),30952)
(Set(84, 4493, 4499),30943)
(Set(84, 4493, 4499, 4496),30943)
(Set(84, 161, 4499, 4493),30943)
(Set(4496, 84, 4499, 4493, 161),30943)
(Set(161, 277, 4502),30906)
(Set(84, 277, 4502),30906)
(Set(84, 161, 4502, 277),30906)
(Set(4499, 168, 4493),30898)
(Set(161, 168, 4499, 4493),30898)
(Set(84, 168, 4499, 4493),30898)
(Set(4499, 168, 4493, 4496),30898)
(Set(4496, 84, 4499, 4493, 168),30898)
(Set(4496, 4499, 4493, 161, 168),30898)
(Set(84, 4499, 4493, 161, 168),30898)
(Set(4496, 84, 4499, 4493, 161, 168),30898)
(Set(168, 277, 4502),30895)
(Set(84, 168, 4502, 277),30895)
(Set(161, 168, 277, 4502),30895)
(Set(84, 161, 4502, 168, 277),30895)
(Set(4499, 277),30867)
(Set(7072, 197),30787)
(Set(84, 277, 4499),30766)
(Set(4499, 161, 277),30766)
(Set(84, 161, 277, 4499),30766)
(Set(168, 277, 4499),30755)
(Set(84, 168, 4499, 277),30755)
(Set(161, 168, 4499, 277),30755)
(Set(84, 4499, 161, 168, 277),30755)
(Set(4493, 161, 4502),30549)
(Set(4493, 161, 4502, 4496),30549)
(Set(84, 4493, 4502),30540)
(Set(84, 161, 4502, 4493),30540)
(Set(84, 4493, 4502, 4496),30540)
(Set(4496, 84, 4493, 161, 4502),30540)
(Set(4493, 161, 4502, 4499),30499)
(Set(4496, 4499, 4493, 161, 4502),30499)
(Set(4502, 168, 4493),30495)
(Set(4496, 168, 4493, 4502),30495)
(Set(161, 168, 4493, 4502),30495)
(Set(84, 168, 4493, 4502),30495)
(Set(84, 4493, 161, 4502, 168),30495)
(Set(4496, 4493, 161, 4502, 168),30495)
(Set(4496, 84, 4493, 4502, 168),30495)
(Set(4496, 84, 4493, 161, 4502, 168),30495)
(Set(84, 4493, 4502, 4499),30490)
(Set(4496, 84, 4499, 4493, 4502),30490)
(Set(84, 4499, 4493, 161, 4502),30490)
(Set(4496, 84, 4499, 4493, 161, 4502),30490)
(Set(4499, 168, 4493, 4502),30445)
(Set(4496, 4499, 4493, 4502, 168),30445)
(Set(4499, 4493, 161, 4502, 168),30445)
(Set(84, 4499, 4493, 4502, 168),30445)
(Set(4496, 4499, 4493, 161, 4502, 168),30445)
(Set(4496, 84, 4499, 4493, 4502, 168),30445)
(Set(84, 4499, 4493, 161, 4502, 168),30445)
(Set(4496, 84, 4499, 4493, 161, 4502, 168),30445)
(Set(4502, 277, 4499),30314)
(Set(84, 277, 4499, 4502),30215)
(Set(161, 277, 4502, 4499),30215)
(Set(84, 4499, 161, 4502, 277),30215)
(Set(168, 277, 4499, 4502),30204)
(Set(84, 4499, 4502, 168, 277),30204)
(Set(4499, 161, 4502, 168, 277),30204)
(Set(84, 4499, 161, 4502, 168, 277),30204)
(Set(4503),29661)
(Set(4798),29632)
(Set(4496, 277),29384)
(Set(4413),29349)
(Set(4496, 161, 277),29307)
(Set(4496, 84, 277),29307)
(Set(4496, 84, 161, 277),29307)
(Set(168, 277, 4496),29297)
(Set(84, 168, 4496, 277),29297)
(Set(161, 168, 4496, 277),29297)
(Set(4496, 84, 161, 168, 277),29297)
(Set(2297),29189)
(Set(4499, 277, 4496),29138)
(Set(84, 277, 4499, 4496),29062)
(Set(4496, 161, 277, 4499),29062)
(Set(4496, 84, 4499, 161, 277),29062)
(Set(168, 277, 4496, 4499),29052)
(Set(4496, 84, 4499, 168, 277),29052)
(Set(4496, 4499, 161, 168, 277),29052)
(Set(4496, 84, 4499, 161, 168, 277),29052)
(Set(7072, 4933),28937)
(Set(4502, 277, 4496),28827)
(Set(161, 277, 4502, 4496),28752)
(Set(4496, 84, 277, 4502),28752)
(Set(4496, 84, 161, 4502, 277),28752)
(Set(168, 277, 4496, 4502),28742)
(Set(4496, 161, 4502, 168, 277),28742)
(Set(4496, 84, 4502, 168, 277),28742)
(Set(4496, 84, 161, 4502, 168, 277),28742)
(Set(7072, 4937),28695)
(Set(4499, 277, 4496, 4502),28687)
(Set(7057),28619)
(Set(4496, 84, 4499, 4502, 277),28613)
(Set(4496, 4499, 161, 4502, 277),28613)
(Set(4496, 84, 4499, 161, 4502, 277),28613)
(Set(4496, 4499, 4502, 168, 277),28603)
(Set(4496, 84, 4499, 4502, 168, 277),28603)
(Set(4496, 4499, 161, 4502, 168, 277),28603)
(Set(4496, 84, 4499, 161, 4502, 168, 277),28603)
(Set(7072, 4933, 4937),28524)
(Set(4413, 4502),28175)
(Set(161, 4413),28164)
(Set(84, 4413),28152)
(Set(84, 161, 4413),28152)
(Set(161, 7057),28119)
(Set(84, 7057),28116)
(Set(84, 161, 7057),28116)
(Set(4413, 168),28106)
(Set(84, 168, 4413),28106)
(Set(161, 168, 4413),28106)
(Set(84, 161, 4413, 168),28106)
(Set(168, 7057),28095)
(Set(84, 168, 7057),28095)
(Set(161, 168, 7057),28095)
(Set(84, 168, 161, 7057),28095)
(Set(4499, 4413),28050)
(Set(4493, 277),27567)
(Set(4493, 277, 4496),27567)
(Set(4413, 4502, 4499),27563)
(Set(4502, 7057),27496)
(Set(4493, 161, 277),27494)
(Set(84, 277, 4493),27494)
(Set(84, 161, 277, 4493),27494)
(Set(4496, 161, 277, 4493),27494)
(Set(4496, 84, 277, 4493),27494)
(Set(4496, 84, 4493, 161, 277),27494)
(Set(168, 277, 4493),27485)
(Set(84, 168, 4493, 277),27485)
(Set(161, 168, 277, 4493),27485)
(Set(168, 277, 4493, 4496),27485)
(Set(4496, 84, 4493, 168, 277),27485)
(Set(4496, 4493, 161, 168, 277),27485)
(Set(84, 4493, 161, 168, 277),27485)
(Set(4496, 84, 4493, 161, 168, 277),27485)
(Set(4493, 277, 4499),27476)
(Set(4493, 277, 4496, 4499),27476)
(Set(4493, 161, 277, 4499),27403)
(Set(84, 277, 4499, 4493),27403)
(Set(4496, 4499, 4493, 161, 277),27403)
(Set(4496, 84, 4499, 4493, 277),27403)
(Set(84, 4499, 4493, 161, 277),27403)
(Set(4496, 84, 4499, 4493, 161, 277),27403)
(Set(168, 277, 4493, 4499),27394)
(Set(4499, 4493, 161, 168, 277),27394)
(Set(84, 4499, 4493, 168, 277),27394)
(Set(4496, 4499, 4493, 168, 277),27394)
(Set(4496, 84, 4499, 4493, 168, 277),27394)
(Set(4496, 4499, 4493, 161, 168, 277),27394)
(Set(84, 4499, 4493, 161, 168, 277),27394)
(Set(4496, 84, 4499, 4493, 161, 168, 277),27394)
(Set(4499, 7057),27374)
(Set(4807),27370)
(Set(4833),27370)
(Set(4807, 4798),27370)
(Set(4807, 4833),27370)
(Set(4798, 4833),27370)
(Set(4807, 4798, 4833),27370)
(Set(4493, 277, 4502),27113)
(Set(4493, 277, 4496, 4502),27113)
(Set(4493, 277, 4502, 4499),27066)
(Set(4496, 4499, 4493, 4502, 277),27066)
(Set(4496, 4413),27056)
(Set(84, 277, 4502, 4493),27042)
(Set(161, 277, 4502, 4493),27042)
(Set(4496, 84, 4493, 4502, 277),27042)
(Set(84, 4493, 161, 4502, 277),27042)
(Set(4496, 4493, 161, 4502, 277),27042)
(Set(4496, 84, 4493, 161, 4502, 277),27042)
(Set(168, 277, 4493, 4502),27033)
(Set(4496, 4493, 4502, 168, 277),27033)
(Set(84, 4493, 4502, 168, 277),27033)
(Set(4493, 161, 4502, 168, 277),27033)
(Set(4496, 84, 4493, 4502, 168, 277),27033)
(Set(4496, 4493, 161, 4502, 168, 277),27033)
(Set(84, 4493, 161, 4502, 168, 277),27033)
(Set(4496, 84, 4493, 161, 4502, 168, 277),27033)
(Set(161, 4413, 4502),27003)
(Set(161, 7057, 4502),27001)
(Set(84, 7057, 4502),26998)
(Set(84, 161, 4502, 7057),26998)
(Set(4499, 4493, 161, 4502, 277),26995)
(Set(84, 4499, 4493, 4502, 277),26995)
(Set(84, 4499, 4493, 161, 4502, 277),26995)
(Set(4496, 84, 4499, 4493, 4502, 277),26995)
(Set(4496, 4499, 4493, 161, 4502, 277),26995)
(Set(4496, 84, 4499, 4493, 161, 4502, 277),26995)
(Set(84, 4502, 4413),26992)
(Set(84, 161, 4413, 4502),26992)
(Set(4499, 4493, 4502, 168, 277),26986)
(Set(4496, 4499, 4493, 4502, 168, 277),26986)
(Set(4499, 4493, 161, 4502, 168, 277),26986)
(Set(84, 4499, 4493, 4502, 168, 277),26986)
(Set(84, 4499, 4493, 161, 4502, 168, 277),26986)
(Set(4496, 84, 4499, 4493, 4502, 168, 277),26986)
(Set(4496, 4499, 4493, 161, 4502, 168, 277),26986)
(Set(4496, 84, 4499, 4493, 161, 4502, 168, 277),26986)
(Set(4502, 168, 7057),26978)
(Set(84, 168, 7057, 4502),26978)
(Set(161, 168, 7057, 4502),26978)
(Set(84, 161, 4502, 168, 7057),26978)
