(Set(6),601374)
(Set(3),450031)
(Set(11),364065)
(Set(6, 11),324013)
(Set(3, 6),265180)
(Set(1),197522)
(Set(3, 11),161286)
(Set(3, 11, 6),143682)
(Set(1, 6),132113)
(Set(1, 11),91882)
(Set(218),88598)
(Set(7),86898)
(Set(1, 6, 11),86092)
(Set(1, 3),84660)
(Set(4),78097)
(Set(6, 218),77675)
(Set(6, 7),73610)
(Set(27),72134)
(Set(148),69922)
(Set(55),65412)
(Set(6, 148),64750)
(Set(11, 218),61656)
(Set(11, 218, 6),60630)
(Set(6, 27),59418)
(Set(218, 148),58823)
(Set(1, 6, 3),57802)
(Set(7, 11),57074)
(Set(6, 148, 218),56838)
(Set(7, 11, 6),55835)
(Set(11, 148),55759)
(Set(6, 148, 11),55230)
(Set(11, 148, 218),50098)
(Set(6, 148, 11, 218),49866)
(Set(64),48262)
(Set(11, 27),46103)
(Set(4, 6),45377)
(Set(11, 27, 6),44923)
(Set(77),43454)
(Set(2),42927)
(Set(3, 11, 1),40268)
(Set(7, 27),40235)
(Set(6, 64),39697)
(Set(6, 55),38875)
(Set(3, 218),38673)
(Set(3, 7),38659)
(Set(1, 6, 3, 11),37743)
(Set(6, 77),37654)
(Set(6, 7, 27),37397)
(Set(3, 4),35438)
(Set(138),35127)
(Set(3, 218, 6),33978)
(Set(6, 7, 3),32895)
(Set(294),32247)
(Set(83),32212)
(Set(1, 218),32127)
(Set(3, 27),32027)
(Set(11, 27, 7),30839)
(Set(11, 64),30677)
(Set(11, 27, 7, 6),30567)
(Set(11, 77),30409)
(Set(3, 148),30330)
(Set(1, 6, 218),30182)
(Set(83, 6),29983)
(Set(6, 64, 11),29865)
(Set(6, 77, 11),29830)
(Set(3, 55),29663)
(Set(2, 6),29619)
(Set(6, 138),28750)
(Set(3, 148, 6),28097)
(Set(1, 148),28049)
(Set(316),27852)
(Set(4, 11),27433)
(Set(1, 6, 148),27020)
(Set(3, 218, 11),26973)
(Set(3, 27, 6),26522)
(Set(11, 218, 6, 3),26501)
(Set(1, 218, 11),25790)
(Set(11, 218, 6, 1),25608)
(Set(7, 11, 3),25533)
(Set(3, 148, 218),25363)
(Set(1, 148, 218),25267)
(Set(6, 7, 3, 11),24971)
(Set(6, 148, 218, 1),24709)
(Set(6, 148, 218, 3),24526)
(Set(4, 11, 6),24408)
(Set(1, 148, 11),24345)
(Set(11, 55),24334)
(Set(6, 148, 11, 1),24242)
(Set(3, 148, 11),24207)
(Set(40),24082)
(Set(83, 11),24077)
(Set(6, 148, 11, 3),23969)
(Set(83, 11, 6),23881)
(Set(1, 7),23817)
(Set(136),23679)
(Set(446),23270)
(Set(490),23225)
(Set(69),22631)
(Set(11, 148, 218, 1),22502)
(Set(6, 316),22466)
(Set(1, 6, 148, 11, 218),22444)
(Set(6, 40),22264)
(Set(90),22062)
(Set(11, 55, 6),21940)
(Set(1, 6, 7),21733)
(Set(11, 148, 218, 3),21630)
(Set(215),21592)
(Set(11, 138),21566)
(Set(6, 148, 3, 11, 218),21528)
(Set(205),21373)
(Set(6, 90),21288)
(Set(303),21246)
(Set(6, 136),21189)
(Set(3, 64),21175)
(Set(3, 4, 6),21112)
(Set(11, 138, 6),21008)
(Set(2, 11),20826)
(Set(3, 27, 11),20629)
(Set(6, 69),20439)
(Set(278),20114)
(Set(3, 27, 6, 11),20086)
