(Set(6),601374)
(Set(3),450031)
(Set(11),364065)
(Set(6, 11),324013)
(Set(6, 3),265180)
(Set(1),197522)
(Set(3, 11),161286)
(Set(3, 11, 6),143682)
(Set(1, 6),132113)
(Set(1, 11),91882)
(Set(218),88598)
(Set(7),86898)
(Set(1, 6, 11),86092)
(Set(1, 3),84660)
(Set(4),78097)
(Set(6, 218),77675)
(Set(6, 7),73610)
(Set(27),72134)
(Set(148),69922)
(Set(55),65412)
(Set(6, 148),64750)
(Set(11, 218),61656)
(Set(6, 218, 11),60630)
(Set(6, 27),59418)
(Set(148, 218),58823)
(Set(1, 3, 6),57802)
(Set(7, 11),57074)
(Set(6, 148, 218),56838)
(Set(6, 7, 11),55835)
(Set(148, 11),55759)
(Set(6, 148, 11),55230)
(Set(148, 11, 218),50098)
(Set(6, 148, 11, 218),49866)
(Set(64),48262)
(Set(27, 11),46103)
(Set(6, 4),45377)
(Set(6, 27, 11),44923)
(Set(77),43454)
(Set(2),42927)
(Set(1, 3, 11),40268)
(Set(27, 7),40235)
(Set(6, 64),39697)
(Set(6, 55),38875)
(Set(3, 218),38673)
(Set(7, 3),38659)
(Set(1, 3, 6, 11),37743)
(Set(6, 77),37654)
(Set(6, 27, 7),37397)
(Set(3, 4),35438)
(Set(138),35127)
(Set(6, 3, 218),33978)
(Set(7, 3, 6),32895)
(Set(294),32247)
(Set(83),32212)
(Set(1, 218),32127)
(Set(27, 3),32027)
(Set(27, 7, 11),30839)
(Set(64, 11),30677)
(Set(6, 7, 11, 27),30567)
(Set(77, 11),30409)
(Set(148, 3),30330)
(Set(1, 218, 6),30182)
(Set(6, 83),29983)
(Set(6, 64, 11),29865)
(Set(6, 77, 11),29830)
(Set(3, 55),29663)
(Set(6, 2),29619)
(Set(138, 6),28750)
(Set(148, 3, 6),28097)
(Set(1, 148),28049)
(Set(316),27852)
(Set(11, 4),27433)
(Set(1, 6, 148),27020)
(Set(3, 11, 218),26973)
(Set(27, 3, 6),26522)
(Set(6, 3, 218, 11),26501)
(Set(1, 218, 11),25790)
(Set(1, 6, 11, 218),25608)
(Set(3, 11, 7),25533)
(Set(148, 3, 218),25363)
(Set(1, 218, 148),25267)
(Set(7, 3, 6, 11),24971)
(Set(1, 218, 6, 148),24709)
(Set(148, 3, 6, 218),24526)
(Set(11, 4, 6),24408)
(Set(1, 11, 148),24345)
(Set(11, 55),24334)
(Set(1, 6, 11, 148),24242)
(Set(3, 11, 148),24207)
(Set(40),24082)
(Set(11, 83),24077)
(Set(148, 3, 6, 11),23969)
(Set(6, 11, 83),23881)
(Set(1, 7),23817)
(Set(136),23679)
(Set(446),23270)
(Set(490),23225)
(Set(69),22631)
(Set(1, 11, 148, 218),22502)
(Set(316, 6),22466)
(Set(1, 6, 148, 11, 218),22444)
(Set(6, 40),22264)
(Set(90),22062)
(Set(6, 55, 11),21940)
(Set(1, 6, 7),21733)
(Set(3, 11, 218, 148),21630)
(Set(215),21592)
(Set(138, 11),21566)
(Set(6, 148, 3, 11, 218),21528)
(Set(205),21373)
(Set(6, 90),21288)
(Set(303),21246)
(Set(6, 136),21189)
(Set(64, 3),21175)
(Set(6, 3, 4),21112)
(Set(138, 6, 11),21008)
(Set(2, 11),20826)
(Set(3, 11, 27),20629)
(Set(69, 6),20439)
(Set(278),20114)
(Set(27, 3, 6, 11),20086)
